83	4	51	27	5
45	87	50	47	6
15	38	54	11	29
37	19	50	88	10
31	71	81	50	27
53	10	84	22	45
84	16	87	37	1
90	39	44	89	45
15	5	21	6	8
36	31	57	4	52
22	8	68	70	6
67	29	16	32	85
9	35	88	38	16
36	72	38	43	3
80	78	87	1	9
17	59	41	75	37
39	30	64	28	56
83	31	64	27	66
7	23	12	57	83
63	49	85	36	83
71	58	30	35	64
68	41	88	56	11
46	77	49	88	50
62	89	28	30	38
57	32	26	84	38
6	20	38	52	57
80	68	77	57	11
3	46	16	69	44
50	42	71	33	66
53	7	76	70	30
14	42	7	1	21
21	36	63	39	9
51	89	17	34	4
59	5	45	44	89
64	11	70	53	65
31	76	70	2	33
76	46	64	21	82
4	30	70	6	11
81	30	24	16	83
11	45	3	90	82
36	45	42	83	90
3	19	9	53	8
40	19	58	55	38
27	76	59	17	75
37	67	35	74	57
53	38	6	26	32
54	80	15	65	62
31	38	37	61	74
12	25	38	14	10
31	87	54	20	53
71	8	41	64	35
69	89	66	82	20
19	30	3	42	18
79	43	22	82	44
86	61	2	14	7
19	34	7	59	56
40	65	43	15	55
64	4	26	55	22
9	64	22	51	28
25	75	17	38	82
33	14	54	30	8
27	25	58	67	48
2	39	36	6	90
84	87	82	86	23
37	87	73	64	27
48	5	80	46	86
62	2	59	54	55
68	70	29	28	37
53	90	48	73	65
7	64	46	48	79
70	21	35	77	23
61	41	12	84	52
21	79	7	60	53
35	78	7	66	3
30	74	89	88	14
42	75	25	63	36
17	65	45	69	42
56	1	21	6	86
37	11	19	13	81
42	86	11	17	64
54	15	3	51	85
24	87	77	88	17
10	29	66	17	76
44	88	45	16	51
36	51	35	37	62
53	79	18	6	12
20	62	73	26	80
55	30	59	36	86
60	35	27	17	65
79	63	86	83	55
24	60	42	52	20
70	80	56	6	18
32	41	28	17	21
44	59	21	38	55
57	62	82	34	39
15	1	84	56	20
71	34	65	13	60
13	35	48	29	71
73	23	26	58	85
14	53	10	58	89
37	17	8	52	20
59	12	4	48	82
63	62	25	3	42
90	70	42	47	66
3	51	74	43	20
45	4	64	79	31
58	59	16	83	82
81	73	77	54	70
25	64	83	27	62
44	58	35	43	81
40	85	16	15	83
47	59	76	48	88
76	60	86	72	35
86	23	22	58	54
43	54	30	73	22
17	73	41	11	67
75	14	7	32	31
49	44	69	27	3
48	53	43	20	78
17	11	50	38	71
9	84	80	74	85
39	78	1	71	44
80	72	81	44	20
86	83	72	55	35
16	34	24	20	33
83	43	80	42	25
61	22	80	76	85
88	58	28	43	62
38	37	57	54	80
30	10	58	76	68
18	1	50	47	24
35	80	89	16	39
86	50	21	49	89
78	52	54	59	9
64	29	32	8	26
86	17	19	73	40
33	39	18	5	53
22	82	1	3	62
42	17	62	21	13
36	43	41	2	28
77	20	79	18	27
67	81	30	82	79
75	69	64	76	66
8	9	1	30	3
79	73	41	67	24
14	63	31	18	78
29	70	22	56	64
73	25	36	66	68
69	45	78	30	44
27	31	83	7	48
75	30	62	6	10
70	59	32	6	81
64	78	69	22	85
56	21	63	27	53
72	61	26	53	33
89	32	5	34	26
4	41	70	81	28
51	40	86	62	68
47	16	90	39	44
32	29	34	90	21
67	46	52	53	30
77	54	40	72	23
5	69	29	71	26
63	74	58	2	24
21	62	79	44	19
3	30	37	27	75
74	78	61	56	5
2	74	51	38	61
47	59	57	38	15
37	18	45	48	77
59	30	50	52	60
50	36	44	57	61
61	80	52	15	71
70	2	22	52	3
57	83	11	64	38
40	11	23	84	28
33	32	70	83	40
49	60	15	17	75
74	7	41	22	19
47	85	34	82	55
72	5	51	32	3
25	90	38	14	87
86	42	16	73	22
82	23	40	15	84
69	83	48	6	89
73	85	9	33	68
40	24	78	6	53
78	33	72	34	45
57	36	2	6	51
62	73	27	54	15
71	39	52	3	2
74	7	78	39	16
11	31	66	26	59
87	71	35	72	3
38	65	8	11	82
50	17	87	42	18
80	5	11	28	35
66	9	7	78	22
32	71	83	64	85
15	4	12	37	39
51	57	79	84	80
57	38	32	31	13
81	30	63	61	55
35	5	54	81	74
29	22	76	77	81
9	28	11	32	5
36	17	50	39	49
44	37	59	88	61
57	37	10	70	45
42	86	15	21	67
53	73	52	74	70
36	24	62	19	88
85	54	78	87	57
19	75	42	6	27
87	9	50	20	61
7	40	54	67	69
61	31	66	4	70
90	4	15	14	35
54	65	20	89	90
77	83	32	41	44
28	77	25	82	86
41	40	64	36	82
5	89	36	85	23
10	52	49	84	35
12	21	1	27	30
29	23	85	42	25
51	63	17	82	52
2	6	33	24	18
65	58	14	82	78
24	47	52	68	40
2	90	32	10	17
9	67	89	78	21
82	47	84	40	35
82	31	73	78	65
22	17	31	33	32
64	10	73	63	36
27	65	39	75	28
32	73	48	43	56
49	67	34	68	55
22	11	63	55	9
14	73	43	88	18
78	62	42	74	22
21	1	69	45	51
33	22	28	83	36
63	87	32	73	39
46	19	4	54	37
7	34	65	73	26
24	55	36	50	15
76	21	71	30	59
63	21	49	74	80
37	64	75	59	61
85	88	28	20	5
52	22	5	67	2
69	49	29	78	71
75	73	21	50	12
13	26	90	10	20
44	85	49	60	15
73	20	50	25	47
73	78	80	47	33
18	12	71	52	38
41	63	82	68	84
1	86	10	89	63
76	44	85	52	60
68	19	52	28	44
61	66	65	31	39
88	29	36	89	3
34	61	48	60	87
27	61	9	46	24
44	73	88	39	71
41	56	83	14	88
21	67	80	22	84
79	10	73	84	15
64	33	57	82	45
47	38	88	71	59
29	82	27	84	14
60	68	20	6	84
9	28	2	12	39
12	60	34	87	8
32	26	61	36	90
11	88	90	27	54
75	16	30	88	56
65	7	69	90	76
4	36	42	7	50
20	63	89	73	75
20	81	43	17	70
86	39	17	24	47
55	76	15	59	62
78	39	75	24	26
73	21	86	32	66
28	53	72	90	56
2	62	67	60	34
90	79	6	23	33
10	57	33	44	22
70	27	90	64	81
73	44	74	12	37
63	76	70	74	15
83	74	88	54	5
82	69	5	43	14
88	60	56	68	26
36	63	9	18	47
65	33	41	68	78
1	58	48	88	30
82	13	33	88	25
49	29	53	9	47
88	47	32	87	35
84	5	32	14	3
55	2	28	81	80
82	18	5	89	87
26	2	37	41	44
80	61	16	36	47
24	66	42	34	46
88	63	37	38	43
43	48	11	36	7
62	63	9	54	46
53	8	30	85	84
68	31	42	74	21
12	19	63	52	30
40	75	58	48	14
51	31	11	75	35
56	74	80	41	83
48	3	78	53	71
71	16	5	26	41
51	21	61	22	79
84	76	56	23	35
71	40	7	61	50
33	22	88	53	35
75	76	27	50	82
61	76	65	39	48
53	17	50	86	27
72	44	86	59	29
31	13	11	88	69
22	17	9	49	51
63	34	40	26	21
84	43	46	2	51
71	53	26	13	38
42	75	62	49	18
20	23	42	68	67
1	83	90	24	19
29	41	90	80	1
83	36	40	32	76
54	67	86	21	89
33	85	45	31	55
61	21	55	72	49
27	10	50	28	34
55	20	24	90	13
43	36	52	48	86
29	47	5	27	84
78	36	14	82	23
34	56	12	36	19
48	14	72	35	28
49	40	30	60	76
87	88	5	84	52
53	57	76	47	51
52	66	82	16	33
85	41	49	5	47
63	22	16	32	53
46	45	25	21	84
79	18	81	37	13
3	1	44	85	9
37	7	87	66	6
76	64	17	15	39
2	50	48	37	63
55	22	21	86	72
68	52	31	17	58
39	71	30	68	70
83	46	48	25	3
45	61	22	1	67
21	2	72	67	85
6	26	18	74	82
25	15	68	37	3
26	73	77	82	10
24	41	75	23	78
33	66	88	28	62
1	71	16	72	64
49	22	88	90	61
1	2	37	76	17
75	28	2	17	89
60	83	64	62	15
67	34	38	71	64
67	48	57	60	63
48	7	3	36	16
76	2	50	12	81
58	5	37	17	36
52	39	21	29	56
85	84	68	48	9
63	30	36	1	74
67	63	79	51	76
66	74	34	36	21
24	4	8	17	50
32	11	74	10	86
10	75	80	30	88
63	49	50	14	2
57	50	52	55	49
66	90	18	37	47
35	82	68	49	10
36	39	47	35	3
6	64	22	23	88
59	65	66	9	17
42	79	13	17	76
7	11	87	20	8
58	41	75	34	31
31	11	16	17	2
5	30	47	53	21
40	57	62	81	82
18	86	1	59	49
8	34	43	55	19
6	71	51	65	10
76	77	53	61	11
40	80	72	68	50
67	42	4	1	51
58	9	20	75	40
35	27	7	32	30
51	10	59	35	50
61	76	62	17	46
79	69	7	51	1
33	75	73	22	51
69	22	63	37	27
69	4	82	60	47
62	33	28	53	73
76	51	88	73	7
10	19	18	23	85
84	3	39	23	54
42	27	40	20	77
19	77	21	29	78
19	5	57	4	56
22	84	79	37	60
70	18	53	75	4
67	52	78	88	40
27	84	71	63	17
57	50	60	48	86
36	62	52	79	22
47	27	19	15	44
20	32	71	74	73
40	12	8	32	83
1	60	75	30	62
19	81	10	86	70
2	64	89	61	41
1	53	90	3	40
56	67	38	51	52
15	73	90	25	9
75	46	83	39	88
81	4	18	52	74
77	76	90	51	71
58	66	72	7	37
49	28	10	90	79
48	78	12	37	64
42	5	51	38	27
77	35	30	6	74
1	27	46	37	29
47	14	73	70	10
4	64	57	32	10
67	56	66	48	59
77	15	84	17	2
20	49	22	76	7
87	48	46	90	26
42	22	75	47	45
59	19	68	29	82
67	49	26	51	55
32	36	67	37	81
48	56	36	72	71
86	44	2	78	71
55	22	1	58	56
84	6	75	42	39
34	86	39	59	55
32	70	11	35	9
6	84	3	62	52
22	26	12	66	32
76	68	63	17	30
77	58	60	59	18
31	72	25	35	6
82	44	62	88	46
68	76	75	19	41
54	19	60	87	46
56	88	32	57	84
76	40	22	43	71
1	44	8	57	6
64	12	31	54	4
38	39	74	14	22
12	15	32	25	77
33	82	14	76	89
73	34	33	8	71
54	61	5	22	43
79	84	23	75	88
7	50	24	54	38
86	15	45	54	59
21	66	82	60	40
60	6	26	5	59
31	15	11	87	2
61	85	5	48	20
29	36	61	63	18
81	42	30	82	64
49	16	75	46	26
5	62	53	78	39
32	30	75	16	42
23	10	30	42	32
65	55	63	79	78
48	2	74	25	90
12	86	88	66	83
3	78	67	15	36
75	74	62	38	2
90	55	80	58	83
8	4	43	62	80
87	38	9	90	45
89	81	18	17	19
21	66	71	37	10
52	44	32	31	66
7	13	88	34	14
67	78	68	82	72
11	27	60	63	31
5	50	9	64	87
34	53	55	18	37
3	11	35	82	12
62	77	40	71	20
64	27	24	38	72
7	90	4	25	47
80	67	39	72	27
4	23	2	16	1
11	13	70	53	90
14	42	60	21	30
56	65	64	87	74
2	62	15	66	11
80	88	76	42	25
45	3	80	47	13
11	12	72	48	82
90	33	38	55	15
26	7	62	82	33
88	33	37	18	35
36	46	89	60	24
82	64	15	63	1
74	10	18	28	44
12	35	52	55	74
33	90	4	14	80
87	28	73	21	23
53	90	35	3	72
76	3	75	40	41
24	17	67	12	81
86	75	83	19	34
36	54	35	75	4
42	6	70	52	15
42	64	44	14	65
84	77	7	59	83
34	37	20	69	6
6	11	52	50	70
89	49	27	15	36
66	75	26	50	37
77	55	21	13	45
3	76	20	62	80
75	80	68	48	16
46	66	90	57	87
65	62	77	86	8
14	13	57	70	88
29	66	46	21	71
71	17	47	26	87
42	36	31	66	44
51	57	74	39	31
23	58	61	63	16
47	89	56	50	78
39	74	14	63	57
57	88	7	4	72
51	23	85	78	59
7	49	71	22	76
6	36	3	84	37
77	25	58	63	36
68	47	12	66	48
25	28	8	26	63
67	3	83	85	8
88	75	73	19	84
9	42	51	63	39
24	52	90	7	81
16	37	9	83	70
48	42	68	62	24
61	54	88	12	31
5	33	72	27	40
5	73	79	20	46
17	18	53	37	83
51	57	46	80	55
59	54	67	41	81
80	61	13	28	14
27	35	6	79	54
35	6	82	44	59
8	17	4	51	88
5	71	22	76	86
59	25	67	37	44
75	51	87	23	22
37	27	40	84	69
36	86	30	20	88
24	37	51	19	32
68	50	49	26	27
40	3	13	54	23
43	4	80	82	75
73	10	28	78	9
26	16	10	62	72
87	73	7	9	16
32	63	39	48	70
5	40	57	65	10
35	25	12	10	48
73	52	29	5	40
80	2	47	18	56
9	31	85	6	20
77	88	33	89	86
32	50	86	79	41
76	36	82	79	55
48	26	81	59	45
18	31	34	6	66
60	83	53	44	63
16	11	29	49	20
69	9	61	83	16
43	25	10	9	27
45	62	25	44	87
35	4	22	5	86
22	9	83	2	58
57	19	63	37	26
6	40	4	42	49
50	78	22	6	2
89	77	84	69	59
60	7	69	23	27
74	14	32	85	71
9	40	86	5	84
45	8	50	10	32
37	40	66	81	13
85	42	89	28	41
62	21	77	23	67
67	26	3	89	42
15	16	43	90	22
81	54	64	12	45
9	7	79	54	68
29	41	58	64	36
7	37	82	32	63
70	27	86	77	49
2	44	17	67	15
15	16	85	54	40
63	74	78	19	89
54	79	68	60	2
79	85	27	57	58
21	31	60	85	67
21	1	38	29	53
15	86	69	4	26
30	11	12	50	47
44	36	11	5	18
37	77	49	10	7
52	48	40	11	70
36	46	82	44	39
55	16	39	59	36
86	62	15	44	73
29	75	11	89	90
41	12	1	33	5
83	42	60	79	5
72	75	53	19	77
30	86	40	78	74
70	30	17	48	76
20	4	52	47	10
11	36	46	16	63
46	89	73	17	23
88	46	81	57	66
40	43	59	25	26
54	14	3	16	69
34	21	84	16	20
36	11	64	81	61
17	6	67	1	79
82	46	12	13	15
79	53	63	25	29
12	30	24	39	60
48	36	6	24	32
80	11	4	32	20
46	84	64	43	62
14	23	18	69	77
44	13	36	39	3
72	63	31	57	19
43	84	11	54	64
78	66	46	63	34
13	67	73	26	71
13	68	76	3	6
82	32	60	42	51
35	18	79	62	19
49	29	38	12	89
90	27	26	28	64
85	48	12	65	15
57	17	14	40	55
88	90	74	78	61
79	65	29	74	69
42	61	37	84	50
64	5	33	85	28
69	13	30	9	61
4	83	8	9	69
48	26	14	19	9
50	51	48	40	83
23	57	47	81	43
59	62	49	19	63
30	71	61	50	42
24	44	16	86	52
10	87	44	68	77
66	67	16	41	80
39	65	56	52	7
34	43	84	18	33
56	3	84	8	78
51	26	65	19	87
1	77	9	41	82
81	87	64	12	75
51	24	35	75	17
8	48	11	70	22
15	40	48	32	69
36	24	44	19	47
44	19	6	48	35
61	83	52	80	75
52	58	7	71	44
64	63	80	1	24
50	14	57	46	16
41	35	23	45	67
46	7	19	4	30
7	40	78	29	38
32	9	72	39	18
42	3	32	69	79
77	59	41	83	34
61	78	17	71	45
56	32	37	77	83
18	22	62	47	36
71	72	54	77	70
41	57	28	1	11
39	7	70	90	67
25	83	77	60	66
27	21	4	32	30
13	87	48	74	42
7	69	26	62	40
77	53	35	79	71
86	28	70	38	37
47	37	35	53	40
80	52	43	19	90
53	73	85	2	65
37	61	39	78	42
31	69	13	39	9
53	25	86	20	19
80	22	19	82	54
30	65	73	77	46
47	31	30	61	44
63	40	33	80	18
44	52	20	53	82
21	80	14	61	42
35	31	81	51	50
83	90	14	68	84
55	28	83	54	71
29	16	40	72	35
7	73	79	50	85
36	69	15	85	66
46	70	26	87	7
64	12	15	52	18
48	68	75	22	10
5	7	6	62	81
67	76	11	88	63
63	47	46	40	5
12	24	61	73	53
89	14	22	86	84
1	21	62	33	31
58	38	57	31	7
43	65	30	64	57
66	61	69	35	52
6	48	23	90	5
77	22	35	1	3
30	83	9	4	63
30	74	42	45	34
12	41	45	53	37
32	24	88	71	78
41	60	89	31	43
55	28	32	54	29
79	45	66	53	22
48	38	39	61	55
26	25	45	3	87
85	62	3	26	18
88	15	69	87	59
48	61	2	60	37
47	29	77	38	87
19	75	13	74	65
7	27	20	41	32
11	83	57	24	4
43	29	16	88	72
83	73	47	72	65
76	51	29	60	36
62	9	38	36	85
74	69	37	86	38
2	11	3	13	32
88	63	37	38	56
81	57	36	50	27
34	48	47	21	30
4	29	75	30	42
13	32	81	36	20
90	89	25	41	84
2	22	41	87	29
21	62	5	23	17
43	49	86	38	16
63	24	78	12	30
7	28	53	24	22
30	52	53	55	41
23	80	37	89	79
7	35	57	82	27
24	88	60	13	61
72	39	67	36	63
51	5	13	44	28
28	71	67	78	56
42	31	23	5	39
42	29	74	81	11
2	37	87	27	26
41	89	19	60	73
52	53	11	25	87
56	18	34	64	35
13	20	26	23	6
35	79	43	5	53
32	82	31	33	14
53	28	36	11	14
85	23	57	29	53
78	88	76	71	55
60	10	56	75	68
53	11	21	35	39
6	34	75	58	13
29	13	89	20	68
53	84	25	6	29
60	67	73	57	52
1	48	64	66	53
51	32	43	90	76
26	24	6	28	52
81	2	52	38	1
2	22	28	10	8
33	21	28	87	61
69	72	76	74	11
33	47	88	1	49
26	43	39	5	1
71	34	48	39	36
37	5	76	84	78
15	7	6	11	79
31	75	36	18	41
11	80	59	21	69
42	50	85	78	32
34	90	6	61	28
75	61	41	81	34
39	58	79	7	85
14	37	34	57	72
58	3	65	9	28
25	12	77	51	19
69	89	46	26	12
3	52	67	54	22
89	54	1	27	55
44	25	47	16	27
40	29	70	13	58
9	43	40	46	76
73	75	17	1	57
35	73	39	69	88
45	47	53	51	80
5	77	63	87	83
18	17	85	5	51
19	78	30	24	75
23	78	14	24	56
50	14	4	24	69
80	53	64	40	28
4	59	55	46	61
59	86	44	85	11
38	80	11	17	47
37	66	12	60	15
26	41	37	85	66
10	85	87	12	21
18	36	42	39	65
1	9	80	2	66
10	30	56	54	53
49	88	19	26	6
77	35	5	49	79
19	13	54	72	34
21	34	68	65	78
23	76	57	3	18
56	13	81	87	88
42	9	77	17	16
27	84	48	39	73
18	42	37	81	29
47	75	87	42	72
31	77	1	66	23
44	48	29	55	25
16	40	20	36	27
21	7	14	5	49
42	81	65	35	53
39	7	90	48	59
66	85	65	2	5
73	2	4	21	74
37	13	20	9	47
22	28	78	20	43
49	58	29	7	28
49	3	57	84	17
25	32	62	12	61
88	58	87	63	34
37	6	80	16	77
21	7	90	87	45
31	17	87	16	76
54	64	29	38	42
61	49	40	12	27
34	81	38	39	9
47	78	3	50	29
84	73	22	89	20
29	24	61	64	69
86	29	80	32	53
4	84	33	3	32
6	29	30	4	66
32	79	62	65	25
51	49	82	14	72
16	28	53	71	26
30	58	77	66	61
23	83	65	24	39
42	32	65	63	8
64	59	63	34	35
66	25	71	22	44
23	80	70	15	83
55	46	21	31	87
79	13	23	59	29
17	71	60	58	73
46	77	5	7	15
71	42	90	83	80
57	19	31	89	47
65	56	50	75	57
32	9	84	83	29
67	8	50	19	66
68	51	48	37	60
69	57	4	24	50
56	19	59	38	69
48	1	60	45	86
10	56	19	67	9
57	11	72	9	64
71	30	53	70	82
20	76	24	60	61
2	51	64	62	47
33	78	54	62	20
57	2	66	43	38
64	28	34	4	21
47	46	40	25	5
36	66	32	65	27
87	49	16	38	39
54	58	76	55	1
63	8	86	27	11
83	57	62	68	45
66	19	34	46	7
73	35	74	63	48
81	31	43	18	38
18	52	21	64	30
42	81	37	14	7
84	43	79	53	36
86	38	90	58	24
47	71	65	18	57
34	83	44	28	24
90	87	66	65	32
65	48	36	37	76
70	81	32	47	31
22	52	64	30	15
60	61	31	47	48
82	67	29	38	57
41	55	90	88	34
3	22	79	34	78
41	80	46	27	39
60	49	7	58	79
75	50	19	78	66
29	74	70	19	48
25	42	26	23	90
6	47	39	38	68
33	57	81	37	64
53	27	28	71	66
1	17	76	21	47
46	35	52	51	59
44	6	66	62	79
3	26	74	50	67
73	76	51	20	83
33	84	62	9	21
61	85	19	67	53
48	45	36	6	49
34	22	72	35	33
14	80	67	57	88
50	12	43	20	14
31	44	18	89	43
34	49	18	55	4
72	68	15	23	5
63	89	29	9	11
33	88	28	77	50
53	79	22	29	5
61	63	5	23	90
2	81	1	59	52
23	18	30	48	50
78	33	26	23	40
28	14	21	81	58
35	85	31	57	8
27	19	54	59	41
59	68	80	88	70
88	28	64	83	25
90	51	81	43	24
19	48	30	62	73
27	5	11	61	25
26	15	49	77	90
36	79	27	20	74
9	3	49	1	53
10	35	76	74	53
66	48	38	4	86
26	39	62	75	73
81	79	5	56	40
64	10	72	69	55
84	80	73	35	46
54	65	22	48	61
79	17	89	47	72
6	45	44	26	61
12	20	4	66	51
50	36	80	15	8
36	70	82	40	14
16	66	50	18	81
73	60	19	50	51
16	6	66	78	61
76	81	30	45	73
24	37	58	25	1
18	41	62	67	43
4	61	80	58	73
60	59	32	44	3
67	87	51	76	90
11	34	53	38	55
34	42	61	75	62
6	21	84	3	32
49	75	78	64	1
42	74	78	65	19
51	56	82	9	57
46	20	61	17	18
82	90	43	56	18
14	50	47	7	42
81	13	4	41	51
72	70	82	88	29
63	62	70	72	53
42	17	70	53	88
68	36	52	67	51
25	88	8	4	34
74	32	12	31	15
53	71	29	83	30
55	57	33	13	35
90	2	3	26	48
30	45	77	71	50
60	38	21	22	11
31	20	73	49	10
55	59	8	45	52
79	24	66	62	22
40	14	3	12	45
56	64	67	38	58
23	12	66	85	11
10	18	4	78	74
72	57	71	65	22
52	14	27	39	73
45	74	38	59	6
28	79	58	76	53
34	84	80	90	50
54	75	87	76	18
25	50	78	59	40
32	34	45	4	9
83	29	15	37	62
6	88	4	20	65
22	49	24	66	28
69	34	60	21	1
13	46	56	57	22
3	40	6	71	89
67	88	75	35	58
72	62	40	90	43
55	34	16	15	51
39	33	64	32	80
41	31	20	81	88
51	2	46	55	6
66	28	32	15	55
17	19	65	56	70
46	13	38	73	2
39	48	65	25	64
67	57	81	58	78
34	79	22	32	51
51	13	29	24	72
6	63	85	84	25
88	38	8	2	7
64	54	8	28	15
49	6	10	7	63
7	70	44	3	88
65	31	26	83	34
69	59	64	84	39
19	30	73	46	13
46	29	31	2	27
21	31	16	88	69
30	31	68	19	83
81	26	53	51	48
61	55	42	77	10
81	30	66	41	86
80	71	23	31	58
26	71	78	36	24
42	46	73	62	11
9	58	76	39	22
59	46	20	69	9
15	3	56	12	85
28	27	32	83	64
73	51	88	61	69
84	4	44	3	46
64	60	80	62	20
27	51	33	62	72
15	8	5	56	67
16	46	25	31	75
60	21	86	36	15
53	42	43	25	37
80	64	12	70	72
57	50	84	51	20
50	47	43	34	55
16	74	29	30	21
23	22	42	12	37
8	64	36	19	83
62	29	44	82	46
46	33	66	90	48
37	42	56	45	54
26	30	55	21	44
3	13	90	39	44
24	43	84	48	85
69	6	9	12	25
42	15	9	32	68
90	6	73	40	19
9	21	10	32	42
67	45	32	40	18
23	9	68	43	86
54	90	9	45	76
75	2	37	40	11
25	79	57	49	7
61	73	29	13	3
18	3	83	21	79
79	29	68	83	72
88	28	39	37	14
16	87	63	22	1
30	80	16	69	84
21	38	29	37	10
47	30	9	56	72
8	9	66	49	52
84	74	14	59	44
73	45	11	68	4
66	53	27	13	36
88	75	58	19	77
34	33	76	58	79
22	55	67	78	70
10	57	80	46	58
85	50	88	87	46
56	66	57	46	30
79	78	9	10	35
35	16	25	29	42
53	14	49	8	80
89	33	72	19	87
77	48	29	87	19
66	61	70	87	19
34	86	80	27	4
83	63	57	74	19
73	54	30	90	40
30	38	69	15	72
2	57	89	61	49
86	58	1	73	34
21	3	17	81	84
16	25	45	40	46
22	68	15	16	35
10	52	86	88	6
34	71	8	58	66
55	51	54	42	63
44	19	75	6	31
45	50	20	54	5
54	33	89	2	37
56	10	88	60	23
48	57	32	89	11
48	42	60	85	58
52	66	59	60	47
48	75	62	26	40
75	79	40	31	77
49	66	8	4	76
67	72	21	79	87
26	59	76	43	22
37	89	81	83	11
3	53	30	87	40
16	48	82	17	47
35	6	48	65	19
65	50	80	32	5
79	81	58	89	78
5	75	22	8	66
42	71	64	81	11
47	46	70	7	48
31	33	41	26	25
79	7	28	33	24
54	41	31	33	73
32	50	8	81	4
34	28	73	25	41
14	19	47	55	23
60	47	77	58	22
21	90	70	40	15
13	66	55	8	69
88	72	55	75	14
21	63	87	86	84
66	25	39	86	70
90	43	16	56	1
70	55	4	16	72
37	12	9	79	86
22	53	61	17	67
77	28	23	29	85
78	23	61	86	67
80	12	2	68	39
54	21	2	24	71
13	48	18	57	7
36	10	21	33	82
13	19	46	84	2
24	8	31	81	58
34	25	76	89	26
90	15	10	26	39
52	45	62	21	38
89	3	34	38	50
27	30	3	80	54
41	38	76	43	35
84	56	17	13	30
46	39	81	12	76
34	55	35	45	28
14	5	61	49	74
29	6	79	37	62
30	29	9	63	19
9	4	73	75	64
2	83	63	67	31
4	40	77	9	87
26	6	84	72	9
59	41	71	67	20
9	63	43	8	69
49	59	82	47	68
32	72	49	34	70
9	32	24	2	90
54	58	66	20	68
20	36	34	1	59
73	43	38	33	81
88	59	67	1	89
10	7	17	49	71
38	10	69	9	7
21	64	55	81	79
53	30	43	62	41
68	55	65	80	79
71	76	68	21	11
1	59	11	29	19
38	43	50	80	40
26	37	7	13	62
89	20	23	46	50
10	34	76	25	58
22	64	89	36	24
53	60	81	72	31
37	83	84	64	33
9	58	24	65	78
56	54	42	60	63
78	47	40	70	74
41	18	11	81	35
7	48	28	62	68
70	41	32	3	85
69	11	82	42	86
34	49	67	13	77
58	2	60	8	30
75	69	7	25	32
8	20	84	14	46
46	17	89	3	19
79	86	58	36	17
53	7	17	47	73
73	85	76	8	70
81	35	49	33	23
83	82	67	9	31
10	67	28	78	15
1	74	85	43	34
74	61	9	49	37
39	27	44	45	6
59	20	68	43	85
70	25	75	47	58
17	64	88	19	1
41	33	71	74	10
10	54	70	69	73
63	81	61	42	77
3	74	10	52	63
66	67	22	42	13
59	75	87	4	83
28	45	26	72	76
55	40	24	71	23
71	34	46	51	78
28	5	77	88	12
54	47	4	23	80
60	37	21	14	61
39	44	58	59	56
75	14	56	47	15
81	31	89	35	62
28	8	73	51	41
42	87	71	49	39
57	19	9	2	71
21	12	43	71	51
70	64	63	82	37
90	36	9	79	67
71	64	40	57	83
53	51	48	86	81
8	3	80	45	63
36	52	13	74	28
89	33	63	11	20
17	44	23	62	50
47	44	48	7	21
69	22	74	57	7
44	45	42	80	73
71	12	19	13	34
60	25	12	57	30
3	20	81	86	80
8	26	25	52	24
13	35	12	48	28
22	16	75	67	38
7	67	90	88	43
21	72	27	37	18
9	74	78	69	42
86	17	83	66	32
13	78	15	2	6
53	52	84	5	28
90	27	29	17	22
41	13	88	40	79
76	18	51	83	35
65	73	84	10	85
56	14	60	40	46
75	60	79	62	21
4	86	10	69	50
6	45	81	31	32
45	2	52	88	82
42	43	27	51	37
23	46	40	79	74
57	74	44	9	37
49	61	19	40	88
10	46	83	3	7
75	3	42	88	77
24	44	6	19	21
65	18	21	50	43
52	8	46	2	58
86	37	54	67	60
37	36	41	4	31
78	41	58	87	12
72	56	82	22	61
9	44	6	22	2
40	18	20	23	63
17	66	20	81	69
24	37	89	65	76
69	62	47	12	37
26	9	24	75	69
29	67	86	80	85
81	28	71	84	80
29	56	12	18	22
34	46	33	7	81
71	50	48	8	81
70	25	86	6	32
9	62	82	73	15
60	1	56	57	20
88	48	75	28	68
78	17	83	88	10
45	10	56	79	20
71	68	56	57	13
22	45	60	17	24
73	68	84	48	83
16	37	85	48	22
70	59	49	57	42
31	63	14	18	49
12	74	59	28	55
72	83	74	40	20
68	90	65	82	72
68	77	43	41	11
53	52	81	31	34
88	31	64	84	61
3	1	52	87	13
37	86	72	63	5
61	5	40	24	74
29	31	63	68	8
49	86	29	41	10
41	26	54	8	87
11	69	21	60	48
56	87	32	24	50
18	86	53	80	61
2	74	41	11	13
37	76	11	13	71
10	76	84	5	18
30	36	79	19	24
76	88	52	73	44
9	36	35	85	21
64	46	22	88	32
86	90	6	58	68
47	10	44	62	40
2	28	35	48	39
20	57	14	22	35
87	54	29	34	12
66	8	54	12	75
38	23	63	48	76
86	3	30	37	60
8	65	6	18	80
28	74	71	52	9
28	43	5	31	19
42	79	47	36	29
80	87	25	70	90
48	30	80	14	34
65	78	86	69	3
73	21	79	48	54
63	73	65	79	78
48	40	72	34	6
62	29	17	25	18
39	70	23	5	18
30	57	62	90	88
36	56	33	85	14
80	64	13	61	29
68	51	58	7	49
54	61	53	40	28
66	85	86	50	73
74	34	56	31	33
72	19	63	46	79
75	42	5	81	13
85	14	43	9	32
78	29	68	17	49
1	81	38	26	51
87	60	68	54	47
90	5	21	57	69
67	84	58	47	33
53	69	36	30	46
25	36	61	56	77
89	84	36	31	77
10	56	42	14	50
62	17	78	10	71
36	47	85	30	56
71	55	69	28	67
23	72	51	14	45
70	89	11	25	87
39	59	76	51	78
88	29	78	31	90
90	31	82	53	51
17	5	22	23	59
57	43	4	67	86
29	19	26	77	37
18	45	65	22	19
9	90	52	65	66
18	80	24	25	36
17	74	12	56	50
37	34	7	17	35
25	27	26	80	12
35	77	31	40	49
75	71	76	44	74
14	39	86	15	26
21	66	13	80	44
62	23	77	21	52
14	12	68	34	83
68	61	80	70	88
54	77	9	64	72
6	13	85	25	36
16	78	9	65	1
80	15	71	17	54
19	37	54	85	70
17	18	44	11	66
8	46	16	64	13
6	37	25	59	27
18	70	2	26	86
44	5	80	40	57
60	84	30	52	77
14	8	45	25	38
26	48	49	55	24
44	64	36	23	5
46	60	2	48	45
45	32	2	43	1
43	2	9	52	56
79	46	80	58	73
84	31	23	10	5
47	83	87	4	90
29	47	66	39	34
17	6	3	65	16
67	15	25	10	36
19	3	20	17	49
10	39	9	71	14
15	78	29	53	42
23	17	28	27	25
26	81	80	89	21
81	59	32	10	46
45	62	54	69	66
23	1	90	74	17
2	90	80	27	57
8	12	32	34	42
60	35	71	2	7
80	45	65	62	35
35	12	82	14	80
3	70	58	49	60
38	18	24	77	84
90	13	53	15	4
51	66	21	19	25
83	89	22	82	1
84	60	48	75	4
3	84	83	31	90
71	5	12	28	16
88	90	55	27	76
22	7	8	42	38
45	16	74	40	25
41	45	78	51	23
49	23	11	27	6
34	79	8	4	67
76	35	30	41	26
1	13	68	7	45
14	74	33	49	65
33	70	68	10	75
40	59	6	46	85
74	9	73	86	88
22	61	42	33	55
88	13	69	44	31
34	86	45	52	39
87	29	43	30	1
55	30	76	50	8
6	33	58	65	1
74	68	52	41	37
41	30	6	68	4
11	3	53	17	86
10	3	65	29	88
22	9	79	47	69
56	14	11	45	40
35	61	90	14	85
48	10	33	28	13
2	54	66	55	73
17	67	56	18	44
69	31	22	68	12
23	73	76	43	42
50	44	19	21	15
32	42	81	2	67
68	25	33	67	36
83	25	80	39	1
65	27	2	26	18
60	86	11	64	74
85	25	32	54	28
76	11	10	9	16
54	65	34	83	23
24	57	35	9	5
4	2	47	80	14
70	46	35	6	11
25	12	4	28	68
31	88	9	27	59
84	10	22	79	3
22	58	47	53	77
78	5	6	7	64
50	12	71	89	80
86	42	88	31	61
83	49	33	53	10
83	60	71	78	32
44	76	79	1	75
8	38	76	36	18
35	22	13	44	75
18	81	3	41	51
18	52	62	24	78
2	53	33	17	7
90	78	1	36	77
36	65	15	22	43
25	70	43	6	12
24	13	40	25	85
36	25	26	77	14
42	34	71	46	90
19	87	41	85	78
44	24	90	53	62
29	20	34	3	68
72	62	87	41	22
32	69	36	72	12
76	61	26	40	90
24	4	15	28	82
30	49	63	81	69
64	69	38	60	66
73	76	88	90	26
22	27	68	83	48
59	7	67	89	72
60	65	15	26	20
41	20	15	80	47
11	56	44	90	30
69	5	3	33	89
48	62	78	69	86
26	5	14	12	43
24	3	41	34	73
58	16	25	53	14
38	74	53	3	40
70	22	26	30	37
14	86	40	45	56
38	81	52	7	13
23	80	31	74	85
61	4	25	1	71
11	41	58	20	87
78	37	69	73	55
10	26	46	52	89
54	89	9	7	45
84	25	51	63	14
63	32	21	88	78
38	47	52	30	86
43	65	54	69	16
60	38	61	58	57
36	57	29	69	52
33	65	18	63	11
14	57	20	73	71
75	35	33	19	43
45	31	21	64	65
74	52	14	77	42
58	35	22	33	32
28	82	26	9	42
66	11	10	79	53
84	44	54	48	5
79	84	78	66	88
51	85	7	72	6
87	66	9	35	52
31	16	59	15	90
39	4	18	78	30
12	85	90	5	87
34	5	29	69	90
36	57	33	47	35
64	73	82	37	30
27	8	39	36	72
80	13	89	32	56
21	12	72	45	30
88	19	55	90	62
17	65	8	14	63
81	52	3	21	23
40	37	11	9	51
3	56	65	16	79
31	65	25	85	6
13	88	26	16	62
52	46	77	87	82
1	34	48	8	75
71	38	44	6	14
45	9	76	48	88
87	39	16	58	54
65	39	22	31	82
13	50	63	18	85
51	71	26	12	42
5	88	68	47	18
81	37	73	34	83
12	80	39	16	34
61	55	82	77	29
61	31	7	36	82
71	22	17	45	8
87	44	59	62	56
77	31	34	86	13
85	56	25	53	49
29	64	75	61	90
75	14	55	2	72
36	66	88	42	49
7	55	56	14	38
57	46	30	50	28
22	88	14	27	32
19	51	28	68	41
10	68	7	53	62
44	51	26	75	5
56	36	84	33	11
34	59	11	10	71
52	36	82	16	62
78	8	86	12	55
90	50	40	11	58
53	55	26	6	3
63	54	90	36	42
66	81	19	39	26
41	53	28	12	57
52	88	29	62	14
83	82	42	17	41
76	75	63	22	21
58	13	55	7	2
52	18	7	24	79
49	83	24	25	85
4	17	10	9	46
24	6	65	47	5
14	66	90	69	33
24	47	80	61	15
20	83	64	85	89
33	2	21	16	84
14	26	37	88	27
4	54	61	77	79
8	32	68	79	43
28	3	5	85	31
13	10	65	80	72
55	14	72	41	6
90	83	51	58	22
31	11	83	71	13
34	55	71	63	62
20	56	83	19	6
38	54	50	64	5
48	19	4	84	50
26	17	50	40	83
67	75	53	89	60
73	18	68	8	42
24	70	81	3	33
50	55	26	58	71
39	88	72	21	35
67	80	31	10	68
44	77	70	8	24
28	35	2	34	46
69	38	32	89	47
80	59	1	60	75
62	64	25	45	67
6	36	59	14	87
28	3	39	88	80
70	82	43	5	66
46	36	6	32	30
85	67	65	21	7
78	15	28	16	5
86	32	34	25	66
32	25	72	47	63
65	28	21	51	90
62	39	43	74	4
6	71	80	48	68
59	14	39	21	82
43	55	36	35	41
22	52	72	9	4
78	27	52	6	50
22	27	45	51	26
13	86	26	25	1
16	37	55	41	77
41	90	70	52	7
74	36	13	73	55
62	53	25	58	13
2	33	63	35	69
40	25	77	8	30
18	89	27	26	43
22	77	16	73	55
16	81	54	18	9
86	84	77	60	71
26	2	34	3	28
57	29	70	79	16
87	90	21	8	57
76	14	41	6	8
52	32	61	75	65
35	24	18	15	56
67	64	16	39	88
27	25	59	6	13
34	72	63	70	16
64	59	12	24	14
1	75	16	47	85
7	36	26	42	44
14	39	41	50	17
59	11	79	74	43
25	10	30	70	7
45	47	62	8	18
19	20	7	41	66
66	65	62	59	11
58	81	77	75	65
34	61	77	47	63
14	49	29	11	62
66	67	2	42	77
32	79	88	54	52
2	30	68	82	85
42	37	26	8	59
23	34	45	28	38
26	17	15	67	87
5	30	83	8	67
79	80	50	71	58
17	1	81	3	14
20	12	38	74	62
17	55	90	33	67
68	25	16	28	86
20	36	37	41	40
39	79	2	57	16
3	43	79	23	86
17	78	81	60	7
65	19	25	29	16
32	46	6	17	12
71	80	61	70	28
27	52	37	84	29
69	84	22	21	60
21	89	6	62	19
5	68	66	65	76
89	22	78	5	41
63	7	62	79	80
27	61	81	87	33
37	84	4	56	12
64	37	78	8	26
33	47	11	27	84
25	45	19	7	68
23	42	54	82	70
42	24	48	45	65
75	25	8	12	40
69	60	19	4	41
38	26	42	46	55
86	26	83	53	21
87	28	7	25	80
72	11	43	29	76
11	39	25	34	74
86	20	26	84	40
73	51	6	79	29
14	31	73	70	1
36	55	66	8	58
19	20	85	52	76
84	39	11	90	1
77	85	8	17	63
42	66	90	7	18
4	28	51	75	60
67	80	79	52	4
82	45	50	63	36
80	13	58	28	24
45	62	43	24	14
47	60	46	56	26
67	55	50	38	33
13	72	80	56	6
49	36	31	3	46
5	81	19	61	10
64	34	49	57	19
2	23	82	74	8
56	81	24	10	52
86	1	75	78	51
36	58	26	61	76
63	6	71	57	64
23	59	44	52	36
32	50	89	51	49
1	70	88	60	41
51	82	40	57	59
53	80	5	26	41
27	28	30	67	43
6	67	31	78	24
23	38	34	7	81
9	38	17	32	8
10	70	68	5	44
68	12	62	73	36
72	45	26	41	89
15	66	75	39	49
62	82	70	87	49
30	85	19	45	27
28	15	57	54	84
86	55	11	48	26
59	82	25	50	80
53	22	81	70	54
74	65	72	2	69
9	75	15	74	70
85	51	83	26	31
79	81	30	71	63
62	65	44	14	22
58	8	3	90	85
33	22	51	28	47
14	65	84	64	77
81	14	36	57	11
61	25	64	24	55
39	34	80	40	23
74	55	37	10	38
59	55	37	38	10
45	28	83	25	63
51	70	15	77	81
18	56	77	75	80
9	1	24	51	52
58	76	84	49	24
48	64	62	16	41
49	85	14	44	18
69	79	23	38	60
37	31	73	68	32
52	88	50	20	29
67	72	1	5	78
64	9	18	62	56
56	31	58	25	29
61	70	84	53	23
14	85	87	3	65
18	36	57	73	21
54	19	15	26	33
74	60	30	7	87
69	66	41	71	88
54	13	77	26	59
6	30	57	56	29
72	40	5	68	38
80	89	13	14	37
30	29	57	77	15
53	27	41	54	18
54	43	38	21	74
5	28	56	63	45
44	58	33	22	18
82	7	23	61	84
29	87	24	31	88
2	22	20	77	78
68	53	51	59	34
76	90	41	25	61
73	30	6	89	22
33	39	21	13	63
11	34	90	29	31
76	27	12	86	53
47	70	39	46	61
43	24	73	20	69
46	71	59	4	82
76	37	57	53	59
43	84	36	53	71
47	26	59	60	69
73	61	46	49	6
75	84	79	16	24
22	1	2	63	39
5	80	15	76	4
1	23	11	31	80
67	89	82	55	57
9	43	34	50	38
41	47	22	69	59
48	72	79	63	68
76	55	73	87	83
53	34	43	47	15
69	8	6	34	53
23	12	44	68	56
32	55	40	50	86
74	51	19	85	66
44	57	86	43	89
33	64	49	73	46
24	13	37	79	45
19	58	28	69	13
90	42	5	40	71
22	33	71	59	8
52	61	32	34	38
55	90	3	8	54
13	52	9	24	57
59	87	49	22	17
73	72	50	44	64
36	32	41	57	84
49	46	9	4	17
9	50	68	39	37
10	57	83	84	44
39	7	34	60	78
32	67	16	64	43
17	32	67	10	6
37	6	49	74	10
68	32	8	14	3
79	35	1	10	33
56	32	17	78	43
77	75	6	32	83
84	40	42	27	57
77	25	19	74	9
27	58	12	39	13
51	12	28	3	72
11	3	21	36	48
17	13	16	68	85
23	40	73	31	90
19	24	46	69	73
41	76	60	33	6
66	17	26	81	34
56	38	15	5	41
56	84	23	27	60
17	71	69	48	77
14	37	67	57	89
4	24	7	34	1
14	24	1	74	71
41	72	54	35	11
30	23	37	7	9
89	31	75	20	58
54	75	2	18	37
22	66	42	56	87
85	54	27	21	89
54	39	13	24	18
57	35	86	78	9
77	48	17	85	64
76	54	1	75	33
48	75	50	80	27
16	69	35	57	22
70	43	10	69	23
57	55	77	3	52
82	59	13	42	32
30	71	42	38	29
60	66	41	5	74
37	36	73	90	29
53	83	5	47	15
48	60	68	73	41
76	61	39	33	43
7	23	82	58	26
77	5	30	57	50
53	29	46	28	76
70	51	20	69	67
8	79	1	62	58
8	57	77	5	26
90	81	29	1	10
31	90	43	74	38
85	37	44	14	5
46	4	29	61	76
61	45	38	42	28
17	79	34	46	14
15	14	84	65	67
46	4	26	57	53
44	11	69	2	40
49	21	90	62	2
79	41	13	28	25
71	60	15	16	27
11	45	65	43	17
59	61	15	10	70
37	45	8	11	62
66	15	25	5	2
75	25	18	55	66
20	33	3	48	49
14	8	32	7	13
44	45	1	32	66
69	35	28	87	78
66	87	69	3	74
3	31	79	64	2
3	30	20	86	13
24	16	48	25	17
40	83	90	1	72
72	14	62	48	5
86	42	61	33	84
12	22	80	4	17
55	83	36	31	38
17	65	49	81	33
7	43	70	42	40
59	68	4	85	27
38	28	2	13	90
50	52	80	29	19
42	8	22	10	66
42	20	84	78	25
9	41	66	36	2
43	76	35	71	8
5	56	80	49	8
32	67	68	49	1
53	19	65	78	83
47	65	56	12	17
65	26	57	77	24
37	26	74	43	61
6	8	70	5	53
61	58	84	63	36
34	75	60	41	55
66	82	88	87	21
36	44	20	81	70
22	29	12	8	70
49	51	48	29	47
23	15	33	75	28
57	19	53	60	66
66	40	73	58	82
29	31	33	26	23
60	74	48	67	52
54	82	33	19	48
70	68	13	35	50
61	68	88	85	9
11	37	78	45	17
28	40	4	18	41
17	74	54	21	53
66	89	86	1	35
82	75	26	3	51
57	10	17	44	25
75	18	6	89	81
68	38	7	77	58
47	29	69	21	10
62	49	51	63	50
3	26	84	29	14
70	82	45	63	50
61	25	76	9	1
89	76	51	19	81
74	61	37	16	77
6	47	49	43	28
9	39	62	11	70
75	15	9	57	2
3	27	58	32	41
20	71	51	73	47
8	25	10	15	81
52	55	62	39	88
70	36	39	86	58
72	37	45	89	35
5	35	9	82	41
52	41	34	50	56
9	36	12	75	4
37	23	84	45	27
84	2	7	69	66
86	73	13	82	25
22	9	64	16	32
34	69	72	53	8
75	54	23	21	59
20	84	3	61	4
61	12	55	81	67
28	70	82	90	53
85	8	63	9	46
5	45	19	88	60
34	10	17	61	29
50	24	38	65	58
35	49	56	71	82
90	17	7	54	33
32	69	86	23	49
67	44	5	60	9
68	86	45	75	10
78	52	8	19	34
17	36	74	83	41
83	53	12	82	36
90	15	66	44	22
45	27	42	64	62
85	67	82	60	50
32	35	21	88	63
69	51	39	58	19
66	79	70	83	29
4	34	82	50	71
81	33	83	15	5
19	37	53	21	27
85	83	5	35	88
43	37	90	25	14
84	34	72	81	9
39	53	80	9	13
57	11	88	10	74
80	45	11	22	12
88	73	78	75	43
85	83	25	51	20
52	49	17	16	88
46	78	64	80	58
38	83	2	12	84
64	61	86	77	66
67	15	27	51	68
8	5	29	70	87
45	73	8	12	4
84	62	61	67	68
78	57	2	18	90
28	73	58	84	34
22	41	16	12	47
26	45	72	20	32
38	61	88	31	59
23	86	69	9	36
18	45	33	14	24
3	82	79	49	38
53	37	90	36	69
35	23	82	80	58
34	13	10	24	3
59	6	54	69	14
25	48	67	85	51
57	70	17	35	65
81	74	46	65	38
75	53	59	73	1
62	23	32	78	18
9	33	62	88	73
60	54	45	29	76
9	23	27	24	84
56	11	87	71	23
7	63	26	8	14
54	51	60	57	41
64	19	62	7	84
13	57	28	31	58
82	2	90	40	44
28	87	34	9	71
24	75	84	5	15
57	31	11	44	16
70	30	6	81	37
54	64	19	77	60
60	65	38	50	72
49	20	80	46	48
80	42	63	73	71
12	74	15	48	7
60	81	62	78	79
5	88	25	39	11
32	64	22	20	61
62	51	11	70	64
36	6	83	61	65
2	68	64	83	42
65	67	36	49	23
21	55	16	47	12
21	29	59	81	41
67	88	81	45	76
73	43	12	29	46
1	26	50	70	64
52	62	86	89	56
23	74	13	20	8
88	66	86	25	56
38	57	66	51	39
17	62	22	90	4
30	51	28	61	22
55	69	46	72	56
74	19	29	64	56
29	73	8	7	41
22	4	29	66	84
20	48	90	40	49
2	40	38	80	87
70	47	90	44	52
44	2	56	79	64
85	78	18	60	34
51	8	16	82	76
29	71	10	39	78
64	41	36	72	67
70	26	9	62	63
9	20	13	77	10
73	6	22	84	79
30	11	71	7	46
81	58	24	79	29
1	57	86	63	72
26	14	5	81	1
89	74	12	25	90
48	50	39	5	16
29	37	34	4	64
53	86	41	26	83
25	48	21	67	47
30	60	57	24	35
66	86	72	82	79
15	28	75	78	19
20	28	8	34	80
29	50	22	83	35
72	85	33	67	12
30	24	21	69	41
15	26	14	45	85
6	34	22	63	75
57	41	10	63	37
56	83	48	28	15
29	38	86	67	10
54	5	43	30	18
17	8	35	7	71
65	3	88	57	20
67	8	18	45	7
53	45	14	63	5
70	17	5	55	43
82	23	42	22	3
21	77	74	43	27
42	79	53	28	32
34	56	11	46	13
18	12	90	76	26
71	78	88	74	46
82	80	70	61	16
5	64	21	8	56
87	55	34	25	78
54	13	42	43	17
70	24	64	69	49
11	54	3	28	88
27	41	26	82	33
10	70	26	45	69
53	76	28	22	54
71	11	21	69	43
79	29	87	11	40
82	47	31	21	3
28	51	41	83	55
3	59	72	26	19
88	73	39	50	8
6	72	29	57	90
50	71	44	83	16
70	88	73	77	54
82	58	9	80	37
43	12	90	63	4
43	77	68	28	60
49	11	85	33	14
49	31	70	24	56
38	87	37	4	65
33	64	6	14	78
12	21	8	50	17
85	18	48	11	83
34	76	53	64	69
55	82	30	3	18
37	87	51	76	22
66	21	15	89	70
9	77	84	51	75
19	50	39	85	55
15	32	13	40	88
29	12	35	48	74
40	66	7	51	32
41	51	9	48	3
20	52	44	84	89
56	71	60	31	84
44	70	18	72	57
90	19	41	23	49
41	88	19	16	87
9	15	30	85	5
35	71	12	76	21
74	51	20	75	36
27	39	36	18	2
42	38	30	15	64
81	42	20	26	56
39	7	67	26	36
71	37	56	35	2
9	21	28	73	59
5	60	3	76	50
41	72	90	39	5
75	35	14	53	4
18	78	34	63	76
80	7	10	85	54
43	38	54	27	90
61	81	89	51	74
17	52	84	64	31
32	56	54	29	3
55	63	87	47	37
61	89	8	9	81
45	50	34	37	62
27	56	35	6	57
34	68	83	45	56
71	76	19	82	9
79	85	7	11	64
59	69	2	88	76
34	60	15	82	74
88	47	73	39	83
48	5	32	78	19
78	71	10	85	39
78	18	23	71	50
81	65	2	83	46
75	83	9	26	74
25	86	33	26	37
61	23	4	74	89
18	43	38	71	79
10	26	34	79	33
71	18	26	55	2
60	6	42	25	54
58	52	46	22	23
49	70	75	20	52
1	56	62	26	60
20	67	88	61	32
84	65	15	83	71
83	73	53	15	85
31	74	71	27	60
42	89	7	65	59
80	55	18	5	51
80	66	81	90	36
41	75	78	45	79
33	61	3	9	90
52	1	33	79	14
3	62	12	57	2
12	34	81	59	5
87	54	10	61	85
70	76	16	88	17
15	89	29	17	34
53	89	27	50	86
19	50	5	35	38
16	45	82	49	71
30	46	75	56	88
36	28	68	61	44
78	3	29	15	88
70	71	38	41	28
77	72	83	76	26
89	4	25	62	28
68	65	32	86	84
54	19	13	12	16
83	59	36	24	72
19	35	88	29	37
10	83	45	7	62
90	4	16	25	7
21	90	5	31	70
19	42	23	48	55
65	52	7	79	53
77	5	29	78	61
6	57	10	58	50
43	20	63	88	69
62	3	43	48	19
28	75	39	79	25
17	86	26	37	46
72	33	27	88	15
17	60	65	21	82
77	10	30	85	2
46	13	25	49	85
89	38	21	30	83
83	49	78	61	15
77	82	62	56	81
37	49	32	69	33
48	58	53	60	11
63	62	48	52	13
77	12	87	86	76
21	74	34	53	48
64	1	39	72	30
49	71	23	62	1
67	47	90	87	34
33	1	3	41	72
46	64	84	28	22
7	76	40	90	19
11	90	24	14	47
77	67	83	15	69
30	66	27	48	74
72	54	7	17	83
78	53	50	79	43
56	37	17	4	43
39	50	55	43	47
27	72	66	3	67
2	9	7	54	19
69	53	41	79	29
29	43	17	71	54
13	53	22	65	30
9	75	12	41	73
5	2	14	22	26
75	40	69	64	42
79	85	56	81	37
80	58	52	75	30
62	65	10	80	60
90	3	37	32	83
54	18	48	70	78
76	11	16	28	38
59	23	60	10	77
82	69	22	50	20
16	4	2	79	7
64	78	56	14	42
32	85	27	25	23
45	51	62	61	65
45	4	49	28	47
70	2	79	34	47
90	73	48	77	83
43	15	69	13	41
6	59	4	13	62
70	40	12	37	44
45	60	5	62	24
39	17	80	77	72
25	78	22	68	41
65	80	62	46	63
13	67	83	70	17
8	63	58	31	15
28	48	52	75	46
79	18	41	30	33
28	55	1	29	52
55	46	44	19	71
8	23	67	77	43
4	22	60	68	64
3	73	70	49	6
44	3	36	89	57
90	21	36	46	83
38	59	85	90	76
39	61	34	31	90
26	36	74	88	90
64	40	74	36	41
61	79	7	12	54
85	9	34	43	48
81	54	53	78	39
88	50	36	8	58
73	31	33	56	23
69	81	4	66	37
27	67	4	71	33
60	74	29	64	51
66	75	57	34	8
32	45	5	60	1
65	82	61	44	33
13	62	68	49	84
35	82	22	66	60
4	68	86	40	33
76	82	24	90	8
63	4	83	9	62
18	4	38	32	46
3	74	33	53	28
79	52	59	15	84
83	23	88	79	90
21	58	71	10	70
77	47	43	48	8
32	4	8	11	62
58	63	90	59	29
31	10	81	27	28
16	17	82	67	31
60	86	90	71	15
32	17	80	25	27
44	62	3	2	11
48	29	66	7	37
32	35	12	6	74
15	62	35	31	8
17	32	16	38	42
60	26	33	52	85
33	44	31	61	42
13	1	6	87	32
6	35	81	31	76
42	85	20	41	57
80	57	39	33	69
79	68	3	44	27
28	25	68	71	53
20	65	55	15	50
81	27	18	7	34
40	58	51	59	71
77	79	59	5	25
30	21	57	72	40
44	70	86	16	89
38	25	2	88	50
6	27	83	81	46
5	65	55	79	21
64	82	44	25	62
60	29	79	39	84
59	34	67	63	89
79	82	62	45	64
77	16	69	25	8
74	59	88	86	34
26	15	52	36	48
85	39	22	50	51
23	32	84	12	62
77	40	79	26	68
68	49	76	75	17
1	21	9	58	80
13	59	16	58	31
10	51	53	24	58
70	40	17	25	56
66	83	35	84	19
12	65	14	6	3
27	25	29	80	52
72	31	29	90	58
85	6	25	49	74
64	70	51	74	44
4	1	5	84	3
85	40	21	6	49
84	90	23	64	65
56	41	14	18	64
72	79	55	14	28
12	11	78	85	57
12	52	27	54	7
86	41	53	4	5
34	49	48	77	29
66	61	65	78	12
59	68	73	26	4
67	45	27	88	38
1	56	28	86	8
80	27	85	5	35
62	14	35	80	43
2	79	7	1	74
10	74	52	4	79
11	48	36	16	3
79	55	10	27	43
21	84	1	52	9
3	12	50	41	55
1	76	66	22	36
9	61	14	16	75
40	27	82	4	39
7	23	78	61	76
83	9	66	26	6
49	9	68	30	33
77	59	13	12	32
60	56	70	63	76
47	82	10	37	65
79	76	58	30	55
25	62	39	32	64
74	4	27	67	31
86	18	51	10	44
65	34	25	19	11
2	71	75	52	85
38	2	36	57	37
49	57	89	1	20
13	68	21	28	19
36	7	30	12	31
48	67	31	78	62
26	69	84	52	1
82	30	71	35	17
59	16	25	46	3
76	22	9	36	70
3	20	38	76	79
63	20	4	57	47
39	44	29	24	25
45	30	58	78	15
9	17	56	72	26
18	84	60	26	51
32	81	23	53	69
5	61	3	59	72
66	63	34	84	28
13	26	6	1	58
75	55	42	39	49
1	78	33	46	41
22	48	12	5	26
81	16	73	13	56
79	38	51	33	53
66	57	79	17	11
1	90	2	40	73
73	39	47	71	29
6	22	1	54	5
46	40	53	44	37
83	31	68	60	26
57	52	70	82	14
55	72	39	75	80
4	17	40	77	76
18	69	54	7	50
30	14	73	87	25
4	13	11	3	1
16	39	10	36	73
66	30	67	61	2
73	86	62	77	26
57	62	37	52	67
79	36	44	24	7
75	65	48	43	41
26	68	7	50	81
24	37	10	48	27
11	13	50	21	35
80	57	82	72	21
9	90	49	21	72
58	71	48	34	35
18	7	27	57	19
63	10	17	79	69
24	59	44	8	60
52	49	19	77	9
34	40	84	4	25
51	57	11	63	42
51	70	42	60	28
19	21	80	12	90
15	5	40	24	70
80	78	19	60	33
30	64	44	36	90
31	78	20	34	3
24	78	29	33	1
23	56	51	10	50
46	4	13	25	27
38	82	36	26	60
44	31	86	8	46
58	19	66	14	77
77	3	74	64	39
11	76	7	53	50
77	1	86	16	13
11	65	85	71	36
49	36	74	70	40
34	58	62	18	24
71	37	7	2	79
14	38	33	55	78
20	39	74	65	75
12	13	41	11	53
81	83	4	79	48
78	8	38	37	67
60	30	15	39	88
51	87	32	72	3
51	56	58	6	12
56	7	42	32	25
77	78	57	34	56
88	68	35	44	76
15	39	62	14	50
72	29	85	33	55
57	46	3	37	5
31	37	12	42	48
68	41	32	54	82
30	62	84	79	90
77	35	81	17	58
68	31	41	16	67
40	89	47	7	60
8	9	60	18	69
5	35	84	11	66
2	16	29	27	75
42	68	54	11	84
58	7	52	33	81
10	82	72	22	43
75	5	52	62	66
2	31	41	9	56
55	23	43	61	6
47	8	72	78	81
48	54	16	8	41
15	18	52	22	47
16	52	58	61	35
79	46	24	16	27
59	50	23	21	51
58	37	89	74	46
76	33	29	60	34
90	8	75	50	74
87	3	64	5	1
55	83	52	90	37
82	20	10	38	30
26	61	65	5	77
74	72	55	38	12
28	84	37	40	20
59	89	42	46	77
55	22	20	4	41
2	19	74	71	34
24	25	17	83	82
76	77	85	10	26
75	24	27	81	87
76	60	73	5	64
52	50	19	1	44
56	40	18	16	69
63	54	53	68	4
82	17	33	86	8
42	24	64	69	30
4	3	58	85	76
81	20	25	32	60
60	43	2	40	58
73	50	23	21	28
82	55	86	68	77
56	54	21	4	2
45	85	54	46	61
73	8	61	65	81
33	89	70	71	62
53	87	18	51	36
21	70	42	29	78
65	85	10	81	44
17	68	19	54	42
79	31	19	20	49
28	16	42	26	35
77	31	18	25	49
55	62	41	3	78
12	65	75	66	28
31	88	16	43	3
6	72	76	32	7
41	80	39	67	71
86	30	60	43	11
35	39	81	57	29
14	46	88	59	19
57	3	51	86	33
63	25	65	35	14
57	64	38	84	72
70	56	11	15	69
77	9	44	23	8
74	69	42	52	12
39	57	87	66	29
65	56	59	40	33
2	67	10	85	26
56	73	58	67	80
8	38	41	64	26
38	33	76	77	64
89	84	28	26	76
52	62	60	79	11
66	54	56	80	2
23	25	9	22	18
82	10	17	5	4
44	24	77	50	80
57	46	45	59	36
5	16	40	1	33
22	80	34	53	12
68	53	14	74	4
42	60	28	13	55
21	67	52	68	7
29	63	33	15	61
42	35	8	18	23
2	39	59	17	85
64	44	7	27	37
51	44	47	22	14
13	42	14	30	4
5	41	11	4	23
68	66	75	38	27
36	82	7	70	74
68	64	47	75	9
25	38	1	37	84
78	11	84	26	48
70	16	89	81	77
11	3	66	48	64
52	68	1	49	20
6	21	40	71	46
41	30	66	20	34
77	34	83	89	81
30	15	41	39	52
49	83	2	86	18
75	43	10	46	89
44	32	87	20	78
33	68	52	67	70
67	1	69	73	22
34	48	37	14	79
58	3	38	76	77
51	21	83	81	72
66	64	72	45	11
5	26	64	46	60
44	80	56	26	28
58	26	13	53	28
18	20	3	16	10
76	69	28	61	81
32	37	83	17	46
58	52	83	30	14
13	77	79	32	9
85	40	72	5	63
64	88	50	32	14
10	86	28	6	87
13	51	32	49	30
15	61	55	28	10
30	7	8	17	90
90	49	35	9	88
53	60	41	84	2
89	26	53	90	29
19	53	1	60	31
85	58	56	89	52
19	3	35	16	82
26	21	73	10	36
90	31	46	58	65
90	6	26	29	5
81	11	3	84	4
87	51	68	12	89
42	11	15	16	80
22	88	81	66	10
24	43	45	10	66
9	2	29	63	58
32	44	69	88	67
80	35	71	26	32
47	42	41	36	20
81	24	1	45	70
46	82	36	76	13
34	21	27	13	69
90	65	66	62	44
11	51	81	7	21
62	37	73	69	30
56	7	90	63	83
23	30	56	46	44
43	19	29	45	22
65	6	61	72	3
81	86	66	8	67
70	18	50	44	32
43	29	45	58	80
41	45	89	76	7
7	75	46	63	56
86	80	37	61	41
77	74	23	65	64
21	54	64	31	12
13	72	59	36	16
72	69	74	33	38
26	89	87	77	9
26	3	65	64	28
76	71	60	4	73
34	80	33	57	30
48	90	52	20	26
44	17	71	61	12
54	71	49	17	79
45	84	65	2	68
42	65	69	84	2
78	54	18	25	28
44	79	14	78	4
19	67	51	28	60
41	39	33	2	53
20	50	39	24	79
26	9	52	56	35
32	38	2	82	30
78	34	68	30	90
59	10	46	14	31
14	29	27	50	17
7	11	4	26	8
62	83	40	74	86
16	14	30	47	49
87	12	79	50	11
35	90	54	61	3
55	11	1	17	66
53	21	17	76	60
84	47	73	90	74
17	62	25	14	29
87	16	23	15	47
78	9	80	84	65
69	63	20	45	23
4	90	30	45	61
84	18	13	89	69
39	30	42	82	72
75	33	55	4	54
33	1	9	18	47
26	21	51	56	39
88	36	33	16	64
78	21	34	23	37
41	26	72	12	83
26	57	65	73	54
59	82	75	13	42
16	13	5	77	54
50	87	54	79	73
52	16	9	59	65
79	82	47	74	90
76	11	26	38	74
9	8	18	45	50
53	15	20	3	52
17	26	51	62	90
64	84	30	56	4
45	15	1	22	72
76	11	84	56	4
59	81	30	17	88
38	68	26	5	58
76	6	21	62	17
90	30	85	41	1
19	4	75	8	72
55	72	89	75	63
25	42	66	15	21
30	86	78	42	24
65	41	2	36	33
2	13	70	80	33
70	86	45	88	64
1	45	55	85	16
33	31	57	73	90
13	62	38	54	46
55	73	42	20	66
23	64	27	2	78
6	41	31	38	67
3	77	79	52	87
80	17	1	31	69
62	40	23	44	21
2	12	48	80	54
90	53	33	26	30
8	9	46	90	1
23	3	43	67	52
6	41	31	42	67
43	22	55	25	77
83	24	28	67	14
60	5	81	20	24
84	53	65	28	35
51	55	35	52	23
48	44	87	14	85
33	36	6	35	46
5	86	39	54	47
78	90	67	22	16
5	79	53	25	89
82	3	80	31	48
16	74	57	9	55
88	59	75	85	40
53	81	74	82	32
33	71	67	90	54
18	53	20	3	50
5	12	3	51	26
57	70	43	29	22
79	55	29	39	57
78	18	86	33	59
17	27	37	82	88
63	85	59	11	6
23	85	74	51	44
26	41	81	67	65
4	6	62	41	18
40	60	53	86	28
65	30	52	90	25
33	6	64	11	80
19	79	85	22	17
90	3	47	76	43
7	24	38	4	31
90	36	19	34	17
48	80	79	82	54
85	14	32	55	13
12	11	15	2	5
12	62	84	52	20
49	31	59	5	25
7	78	83	19	1
19	50	24	54	9
61	41	36	16	15
1	71	33	76	20
74	59	18	72	64
13	80	38	44	54
9	6	77	55	46
69	38	37	22	43
6	10	14	41	51
83	33	17	25	9
21	42	82	57	6
47	74	84	12	90
10	65	73	31	34
65	47	29	3	57
79	13	58	88	33
7	34	49	31	79
20	46	74	21	49
5	88	66	71	20
89	29	15	18	81
11	51	33	39	21
17	66	64	38	70
87	68	41	74	6
65	46	52	21	11
27	48	17	46	61
81	87	80	45	72
7	80	71	84	75
29	71	18	42	16
33	10	73	51	24
12	40	90	58	42
60	5	86	32	26
73	88	41	38	65
37	6	4	79	78
57	73	3	55	38
53	87	81	57	82
40	64	34	81	3
26	89	80	90	4
11	61	22	21	66
74	39	88	73	62
19	14	48	27	64
42	88	21	55	73
75	44	39	57	89
8	13	69	44	12
65	56	53	42	39
60	64	35	41	17
5	49	79	85	36
88	46	8	39	34
10	39	35	12	79
76	28	69	49	10
47	33	18	48	34
30	66	34	85	14
54	57	18	7	79
67	80	31	1	23
10	62	66	41	5
90	74	36	67	13
13	72	50	14	51
66	31	88	46	61
43	7	79	71	15
40	87	80	62	2
51	47	70	8	84
73	60	26	68	65
11	81	83	79	64
39	7	89	34	19
14	47	6	16	74
62	29	9	85	76
47	84	41	20	15
27	3	41	48	38
50	32	24	49	34
60	5	59	63	88
53	89	56	90	42
27	36	44	19	51
69	73	63	47	20
4	42	51	34	17
53	59	55	40	43
65	37	84	90	78
86	56	19	6	18
46	63	90	53	36
67	78	57	73	35
42	21	44	60	28
75	26	21	58	6
22	39	65	8	26
60	38	81	76	21
59	2	13	43	76
84	38	63	70	51
79	89	1	75	55
4	39	28	74	80
32	24	14	1	66
27	71	13	43	81
60	16	64	32	84
45	21	69	53	23
5	39	64	84	36
8	48	49	71	67
63	77	74	6	52
54	46	60	44	75
74	61	54	53	86
4	21	36	18	66
40	33	45	65	25
86	3	89	57	18
80	60	27	54	52
47	4	75	11	58
81	30	65	24	70
19	82	68	7	20
79	25	50	76	1
3	35	71	64	62
31	12	52	64	81
82	24	9	30	76
4	77	53	47	46
9	81	39	53	7
80	43	88	72	64
10	18	82	89	79
19	86	29	57	52
79	82	90	35	20
83	45	48	9	2
44	13	46	18	42
19	3	1	86	20
19	65	27	86	38
77	53	71	60	9
70	67	45	9	12
34	37	45	73	25
58	62	21	49	29
65	74	75	4	48
13	23	46	2	8
19	27	54	29	67
11	57	20	40	24
64	20	72	51	57
72	39	45	82	4
80	78	60	43	49
59	13	34	64	75
33	90	41	52	39
50	3	63	78	47
35	6	80	41	48
24	49	73	23	74
85	76	80	86	48
20	49	38	40	56
76	2	40	35	54
24	42	5	90	9
18	2	61	62	14
22	30	41	55	7
4	51	43	19	18
37	51	33	53	77
90	28	54	49	62
85	64	46	42	70
21	79	22	3	74
43	57	19	16	61
20	50	68	26	88
17	90	69	45	48
72	82	68	31	13
69	33	65	13	62
41	57	88	12	52
82	85	9	89	24
8	84	32	64	1
83	45	88	73	36
45	21	33	24	70
15	32	36	24	45
11	28	60	51	26
18	86	13	76	27
73	64	63	17	57
15	24	84	41	44
25	14	89	52	19
49	90	17	3	84
74	55	80	62	86
82	22	11	73	31
19	82	7	72	53
16	22	64	1	11
82	57	68	36	75
40	54	51	69	42
23	59	65	67	48
87	23	21	27	55
86	48	5	35	31
8	17	2	67	86
65	88	75	44	68
27	24	56	82	57
29	38	60	75	23
62	9	15	45	21
47	28	10	14	74
21	77	59	64	30
42	86	28	63	89
53	64	35	69	3
27	25	40	32	38
44	66	3	43	26
15	52	10	1	72
47	15	52	29	21
21	81	61	53	25
55	25	85	84	5
83	73	56	59	37
25	43	23	81	78
23	34	15	55	40
51	1	79	12	32
40	88	34	25	12
71	61	60	37	45
86	25	32	74	45
31	55	68	52	79
25	31	34	83	26
59	46	76	39	20
28	42	23	12	52
10	89	48	50	54
39	43	14	19	72
10	56	59	88	19
23	55	62	18	72
73	39	88	80	67
3	69	86	79	30
69	18	21	30	60
71	18	22	50	12
18	10	37	16	32
27	11	82	35	19
37	65	78	17	7
67	87	65	88	61
78	69	2	30	60
17	42	71	23	38
89	64	68	19	79
68	42	66	77	27
7	90	6	48	78
48	22	52	87	57
5	65	6	18	11
89	38	71	58	84
73	88	10	39	90
29	59	36	80	79
21	32	89	81	9
9	42	80	66	55
5	88	35	73	77
63	66	21	1	32
49	37	42	63	9
59	90	21	19	56
56	13	53	6	42
69	52	3	35	37
47	35	81	73	60
55	64	37	22	90
50	84	73	86	24
28	73	47	17	3
32	20	50	75	61
73	47	89	60	12
53	17	58	79	4
69	65	78	73	72
46	2	47	15	11
74	79	32	39	23
54	82	45	8	74
82	39	79	66	12
88	87	37	12	39
70	9	53	27	7
30	73	85	46	27
12	82	83	7	45
72	63	1	56	57
89	51	6	32	5
40	54	17	72	20
85	46	65	79	13
57	83	14	62	8
26	8	48	58	17
87	22	30	61	53
6	17	78	54	45
87	25	67	15	24
15	89	42	38	85
75	66	40	65	49
7	42	46	67	34
13	6	66	71	30
20	80	74	82	2
85	65	30	70	9
71	31	15	57	67
47	19	9	56	83
41	63	57	76	66
57	56	29	59	58
9	56	53	2	41
57	22	5	43	38
49	64	79	25	52
14	89	46	6	60
12	82	5	17	84
69	13	14	84	1
81	49	16	54	51
72	21	76	23	5
35	17	81	24	88
12	29	84	57	2
13	21	62	49	43
9	39	6	15	17
57	12	69	81	38
62	65	8	55	64
23	41	11	54	3
6	75	33	45	62
74	49	76	71	78
24	87	2	45	81
79	3	46	60	49
78	38	5	7	49
19	67	68	32	15
66	81	68	77	3
72	51	3	62	83
44	39	23	88	51
37	60	1	75	69
1	84	77	36	47
7	72	71	18	42
64	78	74	26	80
36	8	40	34	27
52	59	16	75	69
60	30	6	36	62
84	72	32	29	53
68	45	73	64	86
26	88	23	11	4
60	37	71	73	2
80	28	87	45	26
23	15	7	48	74
28	46	20	67	48
3	11	23	52	81
40	82	67	63	78
37	69	75	63	43
81	41	35	47	51
69	23	75	3	10
88	5	14	90	78
84	55	89	61	47
84	27	23	45	22
84	17	39	31	22
90	16	2	17	72
80	84	75	52	35
20	82	21	52	7
18	65	81	56	70
5	58	47	65	27
2	25	77	50	88
20	59	86	9	63
23	62	74	87	61
22	89	86	17	37
12	62	32	65	14
84	50	2	17	45
38	59	76	61	49
90	34	3	46	71
1	30	12	82	52
11	36	31	42	89
90	15	40	65	74
69	53	60	12	61
9	37	54	28	87
42	70	66	21	45
58	89	78	35	8
52	37	71	31	64
86	70	37	90	42
31	22	25	76	36
40	34	23	28	74
85	79	76	58	20
90	4	43	11	5
16	86	37	48	22
30	84	34	73	49
49	59	58	69	11
35	41	37	42	43
51	55	7	78	45
15	40	8	67	66
71	45	33	70	57
77	35	57	20	10
3	2	57	7	90
33	50	70	81	57
61	23	78	57	80
34	44	18	11	46
70	55	36	71	83
21	59	58	78	19
15	79	27	73	64
66	48	38	14	73
4	67	20	39	23
83	56	12	36	3
53	11	51	71	39
35	46	42	49	19
71	13	37	88	17
21	52	43	69	85
38	86	82	11	13
83	17	53	76	70
84	45	22	2	85
78	62	46	88	12
56	86	21	27	51
78	38	7	89	23
81	51	11	75	44
18	23	86	82	17
2	78	89	90	18
2	16	57	18	33
65	57	45	29	42
84	67	42	88	18
30	49	33	35	25
61	89	36	63	79
31	67	37	75	59
41	80	8	86	25
8	50	43	69	17
87	80	25	9	30
57	30	1	21	59
1	48	90	14	71
20	60	72	35	82
5	10	34	67	13
62	19	52	17	30
52	57	26	77	73
23	6	45	49	31
1	21	62	59	27
31	47	44	6	51
71	22	55	4	25
89	90	15	16	54
28	82	24	80	78
41	25	7	10	60
17	47	44	66	76
39	83	33	20	77
76	67	40	84	72
9	19	77	74	85
76	15	31	46	12
47	62	29	52	28
33	86	20	47	60
72	60	45	65	3
85	90	78	12	75
48	88	84	61	23
42	9	57	62	44
61	89	35	56	72
24	17	53	48	22
78	39	3	9	76
43	35	15	51	48
28	53	77	39	76
85	69	46	77	11
84	65	34	62	20
19	47	81	33	60
35	50	22	11	75
58	31	76	82	44
83	68	86	16	54
39	77	2	90	81
7	53	2	83	54
2	26	76	36	40
4	71	12	19	10
59	56	3	23	34
5	80	27	82	22
49	16	18	56	86
24	75	5	59	62
43	14	57	46	70
56	33	55	29	85
87	56	31	19	72
25	34	31	57	85
58	26	7	81	49
8	44	82	11	65
86	73	85	7	77
68	6	47	84	75
82	50	22	78	17
8	67	55	60	41
89	31	27	51	1
59	81	42	15	52
6	63	52	64	4
14	31	41	85	44
29	2	68	55	32
22	50	66	40	44
67	47	22	44	16
4	74	76	31	85
63	20	33	74	42
62	51	53	34	37
11	14	67	39	48
22	89	64	59	31
43	53	28	90	78
1	35	54	60	41
40	56	53	76	66
48	86	50	45	40
86	6	19	13	35
35	23	5	14	75
14	13	35	84	6
79	74	89	84	56
10	3	33	11	50
68	8	35	14	80
49	83	73	42	57
5	11	28	44	20
48	58	77	82	85
77	50	37	53	40
80	43	15	89	3
26	83	75	64	56
25	65	41	23	7
13	85	52	90	11
79	11	50	76	39
87	85	78	56	1
35	18	17	60	45
11	65	25	73	43
18	48	12	43	31
26	7	3	28	20
34	53	63	32	38
66	13	15	81	44
46	29	36	57	72
87	19	89	21	34
79	22	47	17	62
54	12	88	38	58
90	3	14	86	19
85	87	80	67	10
14	24	3	21	40
39	33	67	34	79
61	2	58	44	81
52	21	39	10	48
59	40	16	54	13
7	48	71	43	16
34	87	4	18	36
25	49	74	57	69
25	8	28	68	62
49	67	89	73	90
22	71	44	36	81
30	60	65	43	9
47	46	77	66	21
52	20	38	73	66
65	35	8	84	39
52	85	29	46	10
63	12	88	55	27
4	78	82	32	66
42	30	77	36	43
87	20	55	86	77
6	5	26	2	53
12	1	64	42	86
18	50	78	74	66
27	41	26	51	48
12	35	77	59	72
48	70	39	25	40
28	88	79	1	11
65	82	24	74	77
15	11	67	42	62
20	4	46	30	54
75	86	2	20	13
57	43	61	13	71
54	42	87	18	14
13	52	9	28	77
14	31	56	5	90
20	67	40	78	14
60	20	39	18	33
28	67	41	12	57
25	4	22	32	57
88	44	15	86	39
74	28	56	7	30
11	30	85	21	74
2	40	86	22	74
85	64	36	54	17
73	11	40	81	87
41	37	63	32	73
29	46	77	55	12
79	72	28	6	73
49	89	7	28	11
10	84	90	54	22
68	86	50	65	39
42	31	29	86	41
72	13	6	45	62
43	30	88	81	74
20	50	10	17	32
70	27	41	10	4
87	16	58	74	12
61	77	2	5	46
90	45	88	57	20
72	34	26	66	79
65	28	53	70	71
85	72	47	69	49
39	62	3	10	46
71	2	75	52	1
67	11	59	48	12
90	81	4	33	72
32	89	69	20	71
11	88	51	40	58
50	36	31	32	80
33	24	34	29	85
15	88	26	17	47
89	67	28	24	85
48	62	74	79	25
4	44	81	71	66
35	85	13	36	86
16	42	29	15	88
80	6	67	53	25
88	21	29	65	39
28	40	21	56	75
42	8	50	15	21
30	49	42	31	88
27	8	19	21	46
5	26	86	56	60
65	14	82	54	1
43	77	79	8	70
26	90	85	69	66
47	74	9	80	56
72	2	23	8	29
56	48	66	83	78
50	58	34	85	55
6	17	87	68	39
8	87	10	29	32
21	23	34	9	3
15	3	40	71	33
17	37	78	1	11
73	29	55	77	24
85	65	7	88	32
40	70	78	29	28
12	24	67	74	36
79	87	53	78	16
69	77	30	54	86
43	16	27	86	55
33	51	43	23	87
50	85	39	70	32
38	3	74	22	51
64	73	78	8	53
13	39	65	58	77
58	59	87	2	24
11	6	80	21	62
84	24	64	9	65
23	47	81	68	62
4	48	66	56	30
29	43	55	10	19
68	86	10	80	25
70	11	12	19	37
25	82	18	30	28
26	54	10	67	60
19	64	17	18	87
16	82	70	84	15
51	75	21	90	64
23	9	24	72	47
26	67	27	90	88
79	64	62	17	59
56	68	62	42	81
40	67	8	30	49
16	47	26	39	80
31	9	47	14	38
66	70	59	73	20
71	66	46	88	32
37	36	47	79	62
40	27	38	6	36
69	7	44	27	9
9	17	39	64	40
81	43	48	71	1
31	10	41	75	57
68	30	75	52	10
20	61	8	72	14
8	81	34	86	36
64	20	4	52	51
89	68	21	84	69
64	71	26	61	40
86	80	14	58	75
90	36	68	84	9
16	1	81	58	17
30	58	18	56	14
8	52	4	44	86
87	44	45	30	72
51	83	12	64	3
20	50	17	46	79
60	85	67	58	68
27	49	8	65	17
88	37	83	53	38
67	44	4	19	18
14	57	34	19	60
41	5	80	57	77
43	69	52	81	36
83	73	42	39	61
59	3	33	15	56
44	30	57	84	86
71	56	25	74	12
45	22	58	40	51
35	44	64	12	81
2	44	14	52	60
72	15	32	54	77
14	19	20	90	83
28	51	71	89	18
21	77	69	10	46
54	67	9	69	77
70	48	88	1	43
18	67	17	86	70
44	28	38	66	37
56	59	43	15	60
24	5	86	44	46
8	77	6	86	55
23	48	22	86	77
1	79	17	22	13
76	64	51	34	3
47	26	67	16	61
2	23	72	66	44
57	73	22	7	5
32	60	72	37	65
36	10	55	22	25
41	75	3	90	38
42	34	9	2	39
56	88	54	23	14
45	52	54	12	63
73	90	34	84	43
41	39	65	11	12
78	60	70	3	81
4	45	74	57	52
63	33	65	71	90
83	65	25	12	82
46	5	32	18	8
78	72	47	33	71
17	32	44	66	22
8	85	28	68	17
14	76	21	28	74
37	27	55	85	62
59	14	23	13	88
32	76	26	57	73
64	31	8	18	73
38	10	21	50	88
51	19	50	78	66
88	42	41	20	24
15	63	65	84	9
51	15	77	71	81
62	49	85	7	12
3	77	12	46	80
18	29	59	89	22
77	8	14	24	3
8	34	77	20	4
35	65	25	43	49
44	13	6	76	77
79	52	64	53	37
72	44	18	86	82
32	36	2	73	41
4	20	47	46	58
69	72	11	10	75
23	54	76	50	10
30	60	57	62	15
72	18	21	86	54
42	79	37	84	22
80	81	3	90	51
78	5	85	62	40
57	22	53	49	47
49	67	43	47	51
5	25	88	60	34
42	73	17	60	16
19	72	26	36	17
28	59	65	71	22
70	81	31	55	67
6	16	65	5	38
56	40	5	14	42
44	74	20	85	54
18	77	11	3	58
5	45	83	38	60
60	28	81	6	3
10	41	9	56	69
69	8	39	86	10
14	1	85	52	40
21	69	57	42	90
12	73	52	89	82
62	55	23	33	14
1	82	78	2	15
68	22	45	57	21
68	38	59	66	2
74	39	33	81	60
20	28	31	27	41
88	21	11	28	32
82	1	88	58	49
60	88	21	13	85
2	90	22	75	78
54	65	14	68	47
57	52	78	67	5
16	39	74	7	46
28	79	42	72	77
81	37	55	88	48
47	72	52	16	11
13	80	34	19	64
84	12	32	24	82
86	20	3	37	88
87	35	42	30	37
20	40	59	33	89
3	19	9	84	13
56	62	17	61	23
90	37	4	87	74
45	40	71	3	22
27	17	56	90	64
28	44	67	45	6
63	2	29	38	33
24	30	20	58	88
90	3	47	26	80
89	62	15	65	38
37	39	44	45	70
82	11	2	41	87
29	90	3	81	2
38	46	18	15	13
51	66	6	28	58
40	13	57	41	29
9	73	26	35	27
59	36	88	40	68
52	37	56	4	15
1	49	30	86	34
89	7	14	52	77
16	5	74	44	56
8	59	88	58	41
80	36	56	39	88
32	28	71	90	42
12	15	54	18	43
7	42	14	67	39
82	45	64	90	76
65	36	87	90	26
8	33	76	48	25
13	79	73	17	51
35	8	45	64	21
22	49	39	34	59
89	11	15	51	58
10	24	45	66	27
54	5	30	50	4
87	11	61	47	68
63	57	19	76	27
49	6	39	17	69
81	6	84	49	87
55	78	24	31	7
78	8	23	83	32
85	24	39	78	5
63	48	57	60	3
29	79	31	64	23
18	17	60	5	70
44	36	71	79	42
51	24	90	60	49
35	51	79	5	61
50	88	28	77	41
66	41	63	55	21
42	12	40	11	44
56	36	62	63	84
67	28	27	35	66
24	63	90	62	45
54	59	85	65	26
27	85	71	8	18
28	8	13	80	41
9	42	25	80	58
35	90	10	22	55
16	27	60	7	61
12	1	26	43	15
15	71	27	87	74
23	62	34	88	60
84	40	32	31	66
19	84	31	38	73
86	54	12	33	25
38	17	13	6	45
40	21	81	90	9
74	34	51	47	50
67	19	51	58	38
85	72	74	87	65
64	6	41	1	11
38	52	85	67	25
24	60	73	12	22
76	23	11	58	5
2	40	66	18	11
87	10	83	18	51
83	51	7	77	90
64	47	85	22	81
89	47	35	11	37
17	31	22	52	1
68	41	40	5	90
74	19	47	61	28
58	44	14	57	2
19	69	60	72	59
22	43	21	9	44
11	44	22	62	36
11	81	55	6	62
68	65	38	50	57
44	53	8	47	72
21	58	37	89	1
23	34	8	46	38
9	37	67	29	15
88	22	1	16	75
32	76	1	12	2
81	30	61	74	5
85	8	42	60	27
3	8	13	57	20
1	42	72	51	45
50	87	28	65	8
58	30	48	9	71
5	53	40	82	13
81	1	65	61	57
54	18	7	43	3
69	30	77	5	10
2	33	23	77	49
43	54	16	20	48
58	34	50	40	19
29	14	23	18	67
59	23	40	15	71
78	45	52	4	33
35	47	60	15	14
38	34	73	49	31
73	32	56	13	60
58	39	90	85	56
9	11	19	43	42
17	33	12	65	60
65	54	76	70	21
46	14	26	52	83
59	16	75	56	29
13	57	24	44	33
20	51	42	64	84
78	55	36	23	49
19	8	88	60	73
63	37	49	80	71
76	26	20	72	33
39	1	58	51	88
51	23	12	52	19
44	64	11	32	17
21	45	27	87	1
19	78	23	3	67
36	66	4	54	59
82	10	75	23	35
62	1	87	10	75
87	25	46	55	6
17	69	48	58	79
72	54	14	4	35
83	86	35	84	17
33	26	64	63	37
19	9	42	86	56
54	11	16	88	56
71	76	49	77	42
64	18	53	61	37
58	78	73	68	18
55	34	84	64	16
19	90	69	14	75
43	27	28	3	45
75	9	40	23	49
21	43	69	72	65
68	39	14	19	5
31	14	47	21	27
83	41	61	44	37
39	75	29	24	34
3	82	28	78	74
9	79	38	40	20
55	89	47	83	54
83	15	51	24	8
69	60	85	87	83
14	65	58	41	88
84	89	16	42	23
4	39	41	76	68
11	73	31	9	87
26	57	33	6	52
31	1	48	60	73
10	20	75	33	47
18	4	61	7	42
21	25	84	90	36
52	6	16	78	21
84	12	75	1	34
33	19	78	9	46
63	88	77	44	51
52	65	39	73	45
45	88	53	8	31
3	16	12	60	65
76	35	3	64	90
15	79	66	46	39
88	83	55	23	22
28	41	72	89	36
8	57	48	9	5
52	54	43	1	14
10	66	87	32	46
22	59	77	43	27
79	4	2	18	30
82	56	12	59	67
88	49	57	82	13
15	39	79	85	82
53	90	16	64	79
39	2	42	64	33
15	11	55	77	90
33	78	9	19	46
3	4	85	34	70
58	89	6	42	55
53	20	56	11	48
81	17	22	41	58
38	31	85	56	7
12	75	86	22	81
72	65	87	12	67
46	8	41	57	33
24	47	85	64	27
21	10	18	54	51
58	79	86	80	51
52	17	20	77	37
55	16	60	19	58
3	18	72	52	13
29	21	12	57	35
59	78	76	30	38
39	32	82	61	56
82	22	59	10	23
29	48	14	12	3
44	4	62	89	81
10	17	70	25	87
13	52	82	51	22
31	87	16	49	35
40	4	88	48	43
46	11	89	35	58
55	56	61	4	42
63	80	45	24	8
52	9	50	30	72
79	59	68	22	51
14	68	21	70	84
59	26	6	78	17
12	14	25	78	17
12	13	58	89	57
77	21	13	16	73
31	21	72	6	88
49	6	9	87	80
13	68	77	26	29
4	63	11	69	85
90	50	49	57	85
84	61	43	33	69
13	64	43	53	25
86	15	18	8	51
29	24	73	55	3
87	58	36	2	50
75	9	63	33	71
2	14	35	71	80
47	80	73	36	19
48	11	56	52	62
59	42	35	74	58
71	11	50	21	69
39	31	55	77	68
12	60	29	8	21
5	84	80	63	69
33	13	78	49	36
2	63	5	14	54
26	73	71	87	24
8	66	85	16	84
38	76	72	67	13
1	76	79	83	86
21	76	41	42	30
44	36	31	14	4
31	18	43	17	47
11	27	3	85	72
81	22	73	40	14
14	79	73	11	77
47	69	74	32	15
19	81	39	42	72
50	61	68	52	56
5	53	17	66	20
26	28	59	55	49
4	88	20	10	71
54	24	56	43	88
49	80	28	13	82
39	14	53	51	32
51	32	27	90	23
5	18	80	70	58
14	26	66	65	77
64	44	68	85	29
18	45	82	90	44
43	10	18	30	67
60	28	7	21	10
5	9	82	62	14
52	79	32	61	13
87	1	31	18	27
59	67	43	24	47
25	49	83	85	15
44	10	63	72	65
55	24	11	74	66
49	36	4	54	46
10	63	77	35	80
30	83	87	26	54
89	7	45	56	34
72	14	5	61	56
28	27	44	69	15
89	77	87	71	66
19	48	3	55	31
8	54	78	48	84
40	2	71	16	69
1	17	40	71	13
83	41	3	10	53
18	26	65	11	67
31	47	45	40	20
20	57	54	86	69
14	83	37	20	16
90	52	37	89	15
69	4	41	28	51
87	27	10	34	9
31	54	60	47	23
90	3	84	37	75
2	41	55	23	9
89	11	51	79	20
22	64	21	67	90
75	78	1	45	23
63	71	86	68	25
89	36	82	55	39
30	48	2	56	76
9	34	54	25	75
90	37	30	59	1
14	57	33	19	23
78	90	64	23	31
5	50	83	64	69
11	5	48	83	32
41	4	37	63	28
79	49	43	51	1
23	66	29	13	80
52	64	2	67	77
82	11	33	7	28
86	75	44	78	50
58	86	26	87	66
24	69	66	76	51
51	39	37	65	38
30	72	15	79	61
69	11	35	71	63
60	70	73	51	65
2	9	70	26	39
3	34	12	19	32
10	14	24	35	49
88	90	79	50	57
74	76	77	19	32
61	10	72	25	71
9	24	72	25	57
52	82	8	6	49
62	32	79	21	86
37	33	45	68	49
5	19	4	58	36
67	85	80	70	76
1	69	83	44	25
3	1	16	6	5
41	3	71	54	14
40	31	57	6	21
56	66	75	52	12
83	88	10	13	60
52	47	36	28	78
88	46	84	74	82
56	82	9	55	68
68	64	74	89	76
36	49	79	41	8
34	84	67	29	9
45	72	37	55	67
22	60	2	14	37
34	88	8	71	25
56	90	21	35	19
20	14	54	56	57
4	62	66	80	89
47	89	15	85	6
49	37	77	64	9
59	61	30	77	53
80	75	58	26	54
72	8	17	78	35
55	42	81	79	30
17	89	87	15	81
62	42	21	53	54
14	90	67	68	24
49	15	89	56	81
79	65	83	74	84
55	14	85	53	78
70	86	79	19	30
76	16	28	52	2
6	75	71	72	59
6	79	55	29	77
43	1	65	72	46
81	3	19	6	38
6	45	44	13	17
50	67	36	78	41
64	85	71	66	74
22	42	71	25	51
78	23	77	41	59
39	17	83	81	74
1	30	11	90	14
30	11	56	59	13
78	58	82	46	1
43	3	61	37	66
30	79	60	29	39
90	45	65	88	87
63	15	64	3	28
10	30	47	21	1
33	42	44	5	28
48	77	26	12	52
69	56	81	72	73
17	53	12	55	80
59	48	58	62	51
78	3	20	19	57
15	5	26	38	89
7	30	54	17	75
10	14	87	78	47
34	87	72	8	59
3	11	82	27	76
75	52	43	28	56
68	35	27	70	55
84	90	5	17	10
26	89	85	77	39
20	50	70	73	27
26	63	9	78	61
37	13	47	27	33
21	71	31	69	67
56	39	4	11	10
68	3	6	10	25
79	15	32	55	72
49	72	88	20	70
40	50	77	35	89
25	43	68	63	15
84	71	56	7	73
23	47	70	61	49
12	26	55	21	8
75	8	85	77	60
89	63	84	22	11
61	42	83	57	46
20	56	18	49	11
90	33	65	70	63
43	58	57	7	42
18	83	48	24	46
14	6	4	27	64
83	79	67	90	12
36	21	24	38	76
33	26	67	6	8
61	63	82	23	36
9	36	75	88	85
11	53	76	22	62
23	29	60	42	5
45	70	90	88	18
29	46	62	34	18
67	29	73	49	89
4	44	26	64	18
18	37	27	31	78
21	54	86	90	85
81	23	82	78	51
70	68	35	17	18
71	31	75	56	42
49	51	16	74	90
27	16	78	29	9
60	63	87	79	26
72	85	30	60	40
68	74	64	86	66
75	8	39	44	51
42	45	68	25	44
11	26	2	49	16
56	74	51	72	53
47	15	8	80	37
78	27	47	70	52
90	43	84	71	41
52	78	39	17	55
26	29	84	69	71
40	20	1	64	54
55	54	77	84	17
35	23	15	5	1
67	21	60	18	15
76	47	37	12	81
18	13	83	75	14
27	76	89	7	35
61	43	74	76	26
18	68	63	11	19
50	29	6	77	43
34	55	80	16	69
52	3	58	28	12
55	85	17	30	82
66	71	70	72	74
67	63	3	12	24
43	31	85	23	10
21	62	24	69	82
53	45	60	5	17
48	30	90	49	78
60	19	62	88	5
22	55	1	68	38
5	52	78	63	47
35	39	40	19	80
11	55	28	85	30
51	40	29	33	26
40	36	20	56	41
88	38	22	87	74
2	28	29	38	65
31	46	16	87	44
73	25	42	12	7
9	27	66	47	84
46	67	42	39	38
5	25	56	30	12
46	21	59	8	64
62	64	76	87	16
22	89	18	65	52
35	17	8	82	67
58	34	38	78	77
87	75	68	47	86
47	33	20	75	12
26	70	25	46	30
23	28	37	48	44
40	64	31	30	34
73	6	71	3	90
76	77	70	53	79
62	24	38	70	49
88	36	84	2	16
48	84	58	23	1
33	57	1	40	90
87	8	12	68	83
21	30	44	76	70
55	63	11	47	67
34	25	85	6	57
70	20	64	85	25
59	90	37	84	49
31	85	77	21	1
86	70	28	20	14
74	51	67	76	87
40	69	52	50	68
8	58	85	4	22
26	46	2	40	36
33	57	66	41	80
83	44	74	34	87
78	51	70	68	84
62	87	40	35	18
6	77	76	31	30
10	71	8	55	29
11	52	80	28	76
54	10	29	51	6
12	1	51	46	85
32	31	51	38	6
37	6	53	46	77
47	79	71	43	13
42	6	12	14	78
8	1	82	55	32
76	67	44	46	18
33	80	46	89	86
27	15	85	59	80
71	41	8	84	35
11	39	49	27	7
15	71	46	20	1
81	31	20	46	21
71	12	83	38	86
25	2	16	64	57
59	1	69	75	61
65	7	81	16	42
56	63	35	67	78
31	20	29	8	42
89	22	4	8	61
22	82	68	16	17
84	64	60	71	4
59	11	9	58	47
28	77	87	6	58
42	12	49	48	56
37	20	13	64	49
21	74	60	25	31
33	79	88	34	7
34	15	28	2	20
35	84	51	13	21
53	51	30	3	5
55	88	68	16	77
47	84	63	5	74
31	80	39	49	73
74	71	55	49	44
86	40	8	55	75
24	71	57	16	49
89	39	86	37	19
88	62	2	4	47
22	87	49	1	31
84	30	37	72	85
16	11	78	85	40
53	88	27	25	56
85	35	73	39	69
54	26	42	67	85
79	26	71	45	51
64	39	65	20	28
23	48	21	11	2
29	90	46	72	57
68	42	6	69	45
60	41	38	61	25
69	30	63	61	57
12	90	59	4	22
25	48	77	74	49
68	74	82	89	5
42	81	10	76	51
39	18	43	63	3
7	60	76	23	20
79	51	10	54	82
86	53	38	51	78
11	10	75	6	74
34	84	83	69	54
11	44	5	36	55
51	65	56	80	42
22	8	13	7	17
34	19	6	50	20
15	51	34	30	37
44	69	27	61	35
86	60	55	15	62
9	52	26	70	34
89	28	29	21	14
9	72	2	3	76
54	89	26	28	38
29	10	72	51	80
62	30	86	70	76
41	23	63	40	42
41	46	74	61	64
88	48	10	46	71
30	71	70	25	10
53	89	8	20	69
39	67	51	48	43
88	46	83	77	82
47	74	48	40	79
55	59	13	3	21
57	56	12	73	67
34	90	57	4	45
88	23	87	22	31
22	89	49	2	71
54	81	48	58	59
21	14	75	68	10
20	62	32	53	78
88	49	80	81	8
22	5	80	35	64
83	78	4	1	57
5	30	45	87	37
19	41	1	59	61
8	35	74	75	18
58	22	50	33	66
51	81	50	5	26
68	41	17	24	57
47	85	37	83	89
52	68	14	53	32
78	7	18	58	43
59	71	73	51	75
10	48	18	78	15
62	70	75	87	27
58	79	78	20	66
39	50	80	61	75
60	83	88	16	8
61	41	57	65	45
70	78	54	26	46
19	4	72	38	66
28	88	48	57	6
33	41	89	43	19
49	9	66	30	12
51	38	31	12	62
23	83	45	33	40
40	1	39	56	13
84	61	44	72	28
81	87	20	4	90
23	9	6	10	21
61	10	69	52	32
48	42	34	32	1
11	40	21	49	67
40	71	33	6	49
65	70	45	28	83
42	63	3	47	25
22	18	73	9	88
13	35	89	30	11
28	74	85	37	66
40	10	56	4	84
11	85	43	16	79
65	79	23	18	75
76	48	27	2	44
83	11	56	89	73
14	81	82	43	63
41	45	23	50	24
4	27	57	40	38
11	89	88	59	14
13	71	49	53	80
45	69	66	26	4
40	37	69	64	76
35	79	74	26	50
41	38	23	67	75
35	77	24	27	25
60	45	33	71	43
50	90	10	77	25
32	31	55	11	50
46	85	74	64	45
39	62	68	63	21
16	64	52	73	29
66	16	5	57	58
57	62	75	85	27
63	61	69	82	31
68	5	23	19	46
83	46	27	62	61
63	56	35	1	60
72	85	8	12	10
45	88	2	3	28
39	56	60	78	21
2	51	46	41	35
16	70	88	65	72
24	57	14	60	68
57	68	85	16	55
48	80	72	7	16
60	90	18	54	37
40	85	84	64	82
17	16	64	45	31
61	49	83	71	80
55	22	34	3	12
39	64	54	80	48
22	66	54	5	46
84	32	81	80	61
74	41	14	60	27
71	42	17	59	26
69	62	27	67	24
6	4	52	45	83
53	64	89	1	36
51	56	57	8	43
77	29	33	60	35
46	28	55	18	11
15	28	55	64	52
89	35	5	47	67
76	63	73	33	41
7	47	5	90	61
16	48	47	83	11
76	21	35	20	32
79	12	37	88	70
71	81	53	4	13
59	90	8	51	67
55	48	63	11	30
58	11	63	4	31
30	90	3	42	38
40	15	75	6	72
59	56	10	49	53
61	64	70	7	62
8	27	41	36	35
57	35	81	24	28
79	77	63	41	66
21	16	4	47	49
68	45	14	13	67
83	38	75	52	6
20	60	44	64	6
16	36	44	85	2
76	66	69	15	61
89	30	53	83	8
26	70	83	72	75
43	32	59	16	1
66	72	5	79	50
63	2	26	47	83
14	89	43	10	7
83	68	56	32	40
52	2	56	32	34
52	64	63	45	38
43	47	11	23	22
44	72	34	87	12
45	56	85	3	43
23	6	18	40	44
67	1	30	49	54
24	37	8	25	79
16	36	62	89	7
25	59	62	4	7
18	10	60	4	74
19	65	49	77	14
14	79	42	15	26
38	11	68	30	31
60	52	18	19	62
72	23	20	48	32
32	87	11	26	37
37	2	10	26	7
58	56	43	45	61
22	64	27	3	23
69	29	18	77	81
73	80	15	20	9
70	49	5	69	45
34	20	19	42	3
61	32	23	33	86
45	36	85	22	38
77	24	4	19	29
67	34	9	10	53
23	26	58	41	22
80	23	64	78	1
74	20	23	70	78
24	32	61	64	85
68	44	84	24	36
72	68	81	53	51
85	74	46	77	65
28	76	85	51	73
52	39	54	67	78
40	50	48	29	64
41	6	67	76	81
58	85	4	65	74
65	62	33	7	25
86	42	33	17	70
86	59	27	29	30
80	34	44	13	41
79	21	30	14	18
9	60	44	55	79
74	51	34	21	66
86	8	53	50	38
2	82	21	31	10
14	74	70	49	38
36	15	80	88	87
44	85	12	56	27
1	87	67	51	73
51	53	7	33	52
18	50	85	42	46
87	21	22	19	70
4	22	78	58	3
49	34	24	71	51
68	81	89	75	55
47	12	79	64	15
37	9	81	14	66
64	27	4	74	37
43	31	34	35	32
65	12	77	15	26
73	11	7	9	90
70	26	74	44	52
8	11	37	1	34
40	80	29	28	50
1	79	39	65	15
22	21	66	43	1
82	32	76	89	45
20	49	33	36	14
65	58	68	2	69
17	83	36	15	19
13	29	71	10	56
66	58	53	70	3
19	55	16	40	79
78	46	47	73	29
45	50	32	46	5
85	34	77	23	24
10	15	28	85	75
5	86	21	55	39
28	8	66	1	86
64	58	70	44	28
42	74	41	51	10
85	21	79	46	6
61	38	44	81	60
28	6	5	34	64
40	27	69	63	33
36	58	45	30	70
25	62	64	13	65
7	46	13	53	35
42	20	36	5	86
89	68	48	47	4
85	40	26	35	55
10	36	26	58	46
6	65	78	55	7
22	1	37	69	61
22	29	48	28	61
26	64	8	87	3
50	16	79	40	20
38	56	33	40	51
85	90	51	42	17
53	8	73	16	59
34	81	65	71	51
61	18	7	34	59
61	48	53	14	23
73	39	6	58	22
34	63	68	23	89
30	77	70	52	84
63	43	18	26	67
58	63	81	48	30
55	71	68	3	72
19	78	10	77	9
60	4	78	41	80
45	86	47	43	42
15	42	69	61	67
60	66	59	78	49
37	3	8	43	4
51	76	79	17	80
8	27	75	89	42
37	76	38	29	8
57	64	53	73	50
2	25	75	77	37
35	47	77	70	71
59	9	36	69	40
9	20	77	39	30
63	71	1	14	54
47	90	53	61	12
48	39	4	35	2
10	47	11	28	60
81	2	56	33	32
35	89	70	27	6
89	64	13	86	77
51	38	32	64	49
18	83	34	85	69
20	83	10	51	80
43	24	83	70	5
1	89	58	6	22
32	37	88	58	64
46	84	29	82	74
45	6	26	62	17
20	40	73	26	18
26	56	32	24	74
32	33	42	58	34
63	13	28	31	4
77	6	89	50	35
66	58	56	23	46
61	21	14	34	52
44	43	3	86	19
6	2	51	87	22
27	21	30	72	59
32	78	86	58	44
4	13	62	59	55
3	24	31	63	59
12	83	39	32	17
1	20	37	75	22
39	78	16	34	37
77	40	20	57	71
59	51	89	45	39
1	23	42	88	64
8	73	74	79	70
85	43	17	7	46
18	49	56	19	40
41	38	69	4	59
34	64	12	79	20
85	51	60	67	86
25	6	55	23	83
15	22	50	44	17
52	8	19	83	11
3	65	59	49	83
35	28	84	58	36
25	20	17	59	33
34	60	29	79	49
34	72	24	3	59
61	28	62	40	89
77	89	7	88	26
11	23	76	81	28
4	29	54	44	65
75	54	79	57	15
84	26	81	74	18
23	54	80	25	52
86	49	59	84	10
7	55	45	27	3
60	21	50	68	76
84	63	18	65	24
80	90	84	38	10
1	34	23	88	33
48	84	60	73	2
4	17	88	90	70
19	34	79	62	20
38	29	57	30	16
28	21	58	6	87
73	27	37	19	39
26	30	4	78	41
87	7	40	80	56
80	19	22	49	43
10	58	76	83	73
4	60	6	74	84
36	11	69	44	75
27	69	74	8	34
64	16	53	30	32
69	51	5	43	12
24	2	45	16	55
56	37	57	89	90
66	41	65	75	68
75	73	54	44	51
28	56	78	61	63
75	74	69	83	5
55	60	29	79	49
58	13	90	28	2
6	54	86	22	46
64	90	42	26	5
23	89	7	78	14
64	35	86	21	85
79	80	27	90	60
63	61	1	66	47
10	24	82	63	74
48	52	50	40	17
49	66	63	83	9
42	89	19	4	9
20	9	85	4	45
64	24	26	57	52
83	24	26	57	52
67	24	69	4	61
43	62	8	53	23
84	11	61	50	89
27	42	60	10	84
2	69	19	28	22
60	30	8	59	90
77	25	16	85	39
42	44	59	45	70
7	38	12	47	66
85	64	2	55	74
69	42	63	20	49
81	67	38	10	79
81	44	7	12	86
90	62	54	37	65
26	78	39	84	85
7	50	21	83	3
10	60	3	72	44
26	20	9	46	15
75	51	59	36	74
7	3	40	53	57
84	44	88	9	61
75	73	43	63	53
41	46	24	7	85
46	48	52	45	26
15	72	70	6	2
35	73	6	36	42
67	86	43	28	78
82	37	84	6	30
19	9	4	70	84
56	18	79	44	75
22	56	77	64	90
25	33	22	8	83
33	20	75	22	66
53	84	41	20	38
77	53	58	71	72
42	56	59	81	4
10	7	87	68	6
15	52	27	81	46
35	48	56	75	22
14	22	23	38	88
20	12	65	16	77
19	3	65	20	14
31	57	43	19	47
59	85	1	78	84
26	75	65	89	68
36	26	62	10	79
88	5	86	82	24
69	40	10	13	12
9	38	24	56	13
23	83	81	2	76
67	45	60	55	20
55	45	63	77	52
70	55	34	67	90
76	5	13	83	18
54	79	66	48	2
76	43	87	29	3
10	12	59	18	44
18	43	2	59	57
13	15	5	45	12
75	70	32	12	48
62	45	37	43	76
47	83	78	85	43
60	76	14	71	4
34	48	27	71	56
74	90	77	60	36
62	24	82	63	61
31	30	7	48	49
48	19	47	14	58
26	15	89	82	46
79	38	32	54	44
18	13	49	53	22
5	43	16	4	37
5	68	25	51	9
29	45	88	30	42
35	45	6	47	28
47	49	76	79	45
19	1	60	50	76
76	49	22	29	13
74	15	64	13	20
22	32	35	49	5
2	1	40	72	56
57	69	90	60	23
74	41	52	13	36
43	78	77	53	6
10	81	89	29	71
24	60	57	70	22
45	61	26	6	83
21	10	19	40	90
10	18	32	78	28
33	5	24	72	84
12	29	64	39	32
33	26	52	75	89
50	89	53	20	70
4	43	55	10	68
7	82	66	62	4
85	51	80	62	21
34	76	52	74	84
49	29	30	32	64
46	62	33	30	57
34	52	61	55	44
33	75	81	43	47
46	8	39	29	88
71	55	2	83	35
79	46	15	77	21
15	39	21	34	17
62	22	13	11	56
6	63	29	18	89
43	31	32	27	52
45	21	77	71	60
82	2	23	5	71
67	70	86	90	46
71	39	72	19	48
61	8	59	77	62
74	83	41	75	48
55	21	62	84	41
42	33	5	15	53
71	51	20	25	62
4	90	19	13	42
43	55	75	61	44
66	20	13	2	34
22	64	45	83	13
54	11	90	88	87
31	26	32	58	51
89	73	43	70	6
30	6	54	23	68
2	81	60	45	4
57	31	49	24	21
36	41	33	13	64
13	70	81	45	48
49	39	37	7	69
89	11	56	77	26
10	60	37	22	55
26	12	27	10	8
76	66	7	46	43
18	47	83	88	31
90	1	29	11	59
3	83	55	16	19
82	16	58	66	61
27	2	48	11	19
60	16	6	35	26
86	77	29	35	84
3	19	90	48	52
5	57	23	50	9
57	16	45	37	52
65	35	5	41	25
59	3	8	70	51
81	59	6	5	17
55	59	41	82	43
1	21	9	58	70
89	24	17	39	44
54	81	70	18	5
63	81	15	85	70
57	75	7	45	1
16	75	71	83	80
79	42	90	59	80
67	52	6	22	53
56	8	52	47	62
36	35	33	60	17
53	7	25	81	35
50	84	63	57	73
83	2	55	25	18
20	71	78	41	47
84	52	59	18	49
24	77	67	23	34
60	44	50	69	16
60	43	48	46	88
70	37	59	1	27
67	5	90	23	83
87	60	41	50	84
14	35	25	68	66
48	26	51	15	68
26	76	52	47	36
53	41	43	40	67
68	45	34	4	12
66	31	6	18	28
1	82	9	20	87
4	52	68	42	21
34	56	75	12	44
7	54	4	11	36
76	62	26	45	25
42	38	66	46	84
8	52	43	78	24
66	51	68	82	49
73	58	81	9	84
4	54	35	82	5
20	58	14	39	22
15	46	28	62	9
65	43	73	19	83
3	85	71	81	46
23	43	9	34	86
43	61	63	46	69
73	9	13	53	36
76	38	90	65	55
39	63	72	2	80
77	63	62	6	24
35	54	13	29	62
22	5	31	69	25
68	86	64	74	2
28	24	26	5	2
55	90	30	6	33
21	17	2	77	79
14	28	5	22	19
45	71	40	1	43
39	9	19	44	82
20	83	77	56	46
86	24	76	29	85
34	64	48	37	85
78	29	10	70	53
40	14	82	15	41
82	26	71	4	60
37	43	44	10	73
6	18	9	44	46
30	13	59	21	63
73	1	85	2	41
7	73	4	68	85
11	32	40	56	61
71	79	42	38	32
54	5	7	51	74
70	87	16	49	37
9	19	87	61	45
32	29	16	41	17
90	18	13	79	45
47	8	30	32	17
11	35	7	84	63
18	31	69	30	28
89	84	57	82	64
13	15	61	8	36
77	75	66	26	61
34	27	10	26	23
77	39	5	84	43
53	37	1	12	76
81	58	8	21	75
19	3	14	50	83
11	37	76	21	51
50	48	13	24	87
81	23	25	72	43
80	64	85	68	62
4	65	64	40	55
27	39	74	31	61
28	77	80	43	29
12	77	22	68	64
55	4	9	47	30
73	79	87	78	55
44	67	43	88	77
11	45	67	46	58
33	77	5	9	42
77	83	48	7	86
58	37	39	46	56
34	66	50	28	42
29	63	65	64	90
29	28	49	81	60
11	47	25	48	23
3	86	21	60	53
16	12	1	81	61
17	23	5	16	50
31	52	27	76	71
4	87	23	61	42
34	67	53	18	80
70	48	87	88	85
49	30	13	71	47
64	12	73	61	65
87	53	60	49	12
27	41	52	9	75
15	21	26	71	39
9	42	26	78	22
36	8	6	18	84
4	55	41	11	35
45	83	87	51	19
8	58	79	72	47
26	83	33	27	90
13	7	37	11	21
24	21	66	86	25
4	1	28	5	32
47	79	21	49	26
72	16	44	15	49
39	85	47	49	81
4	20	73	56	50
38	13	49	9	58
52	39	79	8	50
50	15	59	62	19
46	9	63	40	2
43	58	18	46	24
81	21	54	25	51
30	77	58	63	46
35	20	7	59	5
74	32	33	30	35
90	81	77	20	66
15	86	84	54	79
37	48	5	41	66
24	65	75	38	53
82	33	87	56	60
22	69	4	3	32
64	67	9	56	63
71	81	1	10	48
90	50	60	51	35
46	53	42	29	54
56	13	27	48	78
43	65	8	39	42
45	19	56	80	3
85	25	56	71	90
19	39	16	11	89
44	15	12	4	41
54	69	76	80	72
9	83	47	45	48
21	50	32	1	89
52	23	49	37	57
52	29	73	20	58
3	27	64	57	45
56	13	73	33	78
11	81	76	48	70
88	47	57	14	80
66	19	1	70	60
83	87	76	43	42
66	28	25	36	52
20	61	60	89	90
15	80	24	4	52
19	79	66	21	31
22	30	3	60	74
89	36	38	79	37
27	74	2	63	81
39	47	22	59	36
22	80	85	27	90
2	88	42	33	24
63	33	75	1	38
46	39	21	82	20
65	48	79	27	77
5	27	13	32	42
57	75	55	72	5
60	59	85	57	1
31	17	32	84	70
39	49	47	12	24
38	64	2	44	72
25	60	3	52	38
6	26	57	9	88
3	87	82	20	62
88	62	40	60	30
45	89	30	43	55
21	5	73	28	43
75	52	35	14	68
40	34	25	2	82
30	84	17	21	11
28	45	31	32	35
48	88	31	42	78
56	21	70	78	1
66	46	77	38	41
75	19	3	38	53
61	27	79	44	84
15	3	40	1	82
11	17	47	81	53
32	18	31	81	15
58	79	77	2	5
62	46	64	11	5
45	24	36	26	40
52	61	31	62	42
75	50	40	90	2
40	80	68	75	65
24	57	70	79	41
73	71	75	80	82
32	50	64	14	45
38	50	68	43	16
4	23	69	15	61
7	6	89	12	84
76	23	86	50	18
21	4	47	55	26
55	37	19	52	77
45	37	34	87	60
9	67	12	44	74
73	1	84	48	35
64	2	34	89	16
4	56	29	87	46
34	1	46	60	83
68	41	38	89	48
40	88	2	6	86
18	28	60	65	58
69	59	76	79	51
58	57	75	90	34
10	74	58	82	9
11	40	67	66	8
4	36	87	80	1
28	23	5	75	20
34	71	82	55	2
24	29	90	57	63
71	35	64	40	51
62	54	50	34	90
28	86	68	37	80
30	10	56	87	20
63	72	55	20	31
35	45	61	1	21
26	70	5	71	22
12	27	73	71	81
42	58	71	83	60
31	37	58	75	72
37	54	51	13	71
1	10	50	89	87
60	2	33	17	51
79	62	11	90	36
5	7	23	21	71
59	73	41	26	46
87	6	33	85	78
40	31	19	86	81
45	23	57	8	65
29	27	16	1	73
50	38	77	24	68
67	5	74	75	4
54	4	58	9	45
38	63	9	47	82
59	28	73	33	21
9	40	20	69	44
22	80	82	13	35
41	86	79	54	36
22	70	33	73	86
24	23	81	69	34
88	13	6	28	70
27	13	10	34	30
2	3	21	63	58
52	72	41	29	84
38	63	31	75	86
65	90	64	13	43
29	28	72	77	8
71	84	2	30	58
43	9	85	67	64
22	58	74	64	41
42	73	9	47	45
15	64	37	78	67
52	50	56	82	24
6	64	85	4	31
51	53	18	40	35
43	42	64	41	28
5	81	44	14	69
51	65	32	35	68
49	52	47	74	84
45	88	47	89	15
24	37	65	8	89
40	2	1	81	46
11	44	63	68	86
69	79	58	48	37
62	6	85	51	81
69	30	38	44	55
59	29	70	77	47
53	78	49	65	79
25	90	82	71	54
77	50	66	13	85
85	62	12	46	32
17	58	59	90	40
81	7	73	26	15
7	34	43	62	88
11	59	82	40	84
20	86	15	5	31
22	63	32	86	68
29	32	72	38	8
43	68	3	69	6
23	35	49	90	11
88	32	12	10	67
9	19	41	18	46
89	90	67	56	6
61	49	23	54	73
48	90	11	66	60
37	42	73	84	35
78	29	34	26	35
3	63	64	55	42
31	69	80	25	63
66	51	13	47	6
74	87	26	33	65
30	86	82	24	37
56	73	58	42	51
19	9	24	26	43
67	27	3	34	40
60	78	52	81	45
41	14	83	42	66
28	15	5	37	57
32	61	11	12	2
74	31	30	37	86
85	74	3	87	80
26	71	59	81	36
64	22	9	16	26
79	58	54	63	86
29	65	77	60	25
76	14	45	28	59
71	64	33	24	30
9	50	87	30	34
87	41	39	48	26
42	5	65	48	31
8	45	26	66	69
29	82	57	32	18
77	59	42	35	65
20	42	10	73	80
75	65	8	52	4
41	9	45	31	25
70	53	38	57	31
39	55	26	58	78
27	60	75	61	49
30	67	26	51	54
60	42	52	88	14
83	32	51	33	49
83	47	58	28	74
10	3	7	80	33
78	90	45	39	69
89	19	1	75	77
42	72	14	33	18
49	66	33	35	62
3	53	57	28	73
14	70	20	71	65
52	66	44	47	40
66	17	54	81	71
64	43	89	22	49
56	74	13	78	51
9	37	52	57	7
76	32	53	21	6
16	83	41	55	20
40	14	47	43	12
63	42	79	68	7
67	10	89	72	74
79	80	47	30	59
42	43	58	50	34
53	48	25	6	16
78	33	56	76	36
20	75	16	40	1
19	58	44	28	34
17	72	77	30	61
87	55	40	28	18
77	35	30	62	23
47	80	66	42	20
31	35	1	17	46
19	50	12	7	79
34	66	81	72	5
71	73	82	83	22
42	60	49	73	29
40	52	72	30	76
17	35	47	7	11
9	24	75	34	68
82	79	27	41	86
51	35	57	22	64
38	14	53	12	19
64	43	62	77	10
85	11	64	15	61
44	53	40	4	23
55	32	8	58	62
56	45	72	39	25
41	24	39	62	72
26	53	79	27	42
26	29	12	50	39
74	45	88	63	1
34	59	50	2	63
58	42	13	76	40
30	59	32	45	14
6	74	34	10	83
38	9	90	67	19
33	21	72	47	27
6	84	80	65	13
4	69	5	63	44
46	19	10	60	47
26	69	24	54	34
76	4	70	66	1
32	26	13	44	9
74	24	35	78	77
22	59	48	7	62
71	75	34	20	1
67	81	42	7	1
88	38	81	45	23
37	84	43	23	85
27	5	46	3	26
32	14	18	81	57
33	7	36	81	79
21	37	59	16	39
55	36	31	32	82
78	13	2	73	20
58	66	30	47	48
41	16	7	49	55
53	5	8	68	19
6	84	81	47	44
41	32	17	2	35
44	38	37	54	75
62	84	53	8	82
2	83	22	72	43
72	53	82	3	30
56	14	38	73	78
72	14	16	83	67
48	65	38	53	66
70	55	67	49	31
71	7	88	41	80
47	1	5	81	51
38	22	40	75	74
74	30	76	59	19
67	64	49	50	68
57	5	80	68	31
32	79	5	26	75
73	62	3	39	13
83	55	58	88	22
31	2	19	47	26
28	52	70	88	41
17	22	16	80	62
89	56	84	20	58
3	30	6	88	58
88	7	32	40	12
16	79	90	59	84
82	52	22	1	40
66	46	70	90	48
89	56	18	29	65
30	60	50	36	78
68	23	59	89	24
25	26	28	49	19
22	39	69	66	85
17	3	44	82	10
11	37	74	57	75
7	65	76	38	74
56	34	32	11	41
8	4	64	58	26
30	71	57	4	81
86	88	24	64	30
46	49	78	6	18
41	59	30	9	79
59	57	7	3	60
4	46	53	40	47
76	31	75	72	9
25	47	16	48	66
45	55	37	59	82
12	8	29	20	58
60	61	27	26	33
88	16	76	82	87
22	19	83	17	54
52	42	58	9	54
64	42	28	26	19
43	25	7	2	50
30	85	55	64	70
85	59	15	89	36
86	88	9	23	81
87	22	56	68	39
60	50	45	56	21
38	55	14	35	53
9	11	32	72	58
4	25	52	57	34
86	20	63	32	44
15	1	43	19	17
18	32	75	77	8
9	25	79	55	51
43	61	75	66	10
66	50	57	59	23
84	90	6	71	30
29	73	58	40	4
50	41	88	26	79
50	11	60	49	58
82	56	60	48	11
66	14	89	15	12
32	29	60	90	24
14	3	44	75	47
11	36	8	58	26
8	23	7	30	13
71	15	20	17	1
29	49	6	46	88
17	1	29	74	64
23	6	27	29	90
13	57	78	86	49
75	89	88	3	78
73	49	65	21	44
37	61	58	81	26
55	21	49	70	89
51	34	72	13	74
63	73	10	19	76
6	62	31	34	85
52	36	85	42	60
84	87	45	25	6
43	12	76	20	22
75	67	31	82	44
83	4	59	11	78
27	13	17	56	16
63	29	42	2	90
6	89	50	48	10
64	74	87	63	86
24	44	85	71	21
75	83	53	7	72
13	37	47	72	63
18	17	40	83	14
24	15	4	46	73
77	40	71	11	74
69	43	25	46	78
2	17	40	61	12
78	29	25	74	9
6	59	18	46	58
34	67	14	21	28
63	82	50	55	90
76	12	28	45	7
50	10	21	18	60
53	9	15	52	51
12	72	16	26	27
22	68	80	65	38
76	47	80	18	6
59	76	53	34	27
1	14	3	51	53
43	71	62	16	56
5	6	54	24	53
79	67	54	58	6
47	64	55	18	44
81	58	32	49	33
86	67	39	27	14
38	36	39	63	87
73	76	70	58	67
27	86	9	12	42
13	30	5	70	21
51	64	47	45	19
37	73	54	86	51
80	24	33	71	21
85	47	35	64	74
83	37	59	75	71
4	73	28	82	36
19	90	18	55	85
90	10	71	88	24
9	16	7	87	54
67	75	1	84	35
74	37	26	18	19
59	81	16	74	55
64	89	9	13	87
26	83	20	55	17
84	70	45	81	69
5	13	60	71	8
82	55	51	63	8
11	56	75	70	22
20	71	80	74	54
82	21	35	28	89
78	73	35	53	27
22	43	84	87	73
48	71	58	8	73
49	27	18	17	8
1	85	71	73	33
8	70	56	55	14
14	39	67	50	36
16	58	23	65	46
70	11	27	67	1
4	86	9	53	18
68	73	3	65	52
31	34	66	80	87
63	86	59	42	60
56	36	62	65	19
64	48	27	57	31
40	13	89	74	86
67	37	3	53	57
33	22	31	45	23
47	10	88	80	61
36	55	65	41	30
1	81	26	64	13
30	67	52	86	38
10	87	52	7	60
44	10	71	5	33
23	68	31	25	2
45	32	54	59	82
25	65	39	1	88
31	68	36	63	60
42	69	22	56	61
5	38	13	77	27
30	2	59	45	85
8	14	48	41	64
17	41	86	83	11
19	49	59	41	34
10	50	74	54	12
20	77	52	4	71
75	34	73	82	52
85	89	26	37	78
3	66	78	14	89
70	9	51	2	32
84	18	49	72	85
44	64	34	40	80
89	51	82	63	36
60	20	53	37	42
27	71	86	42	23
63	73	46	15	85
16	44	46	40	88
2	40	10	17	41
23	88	42	13	39
12	60	72	90	87
33	82	46	53	11
38	39	49	21	60
56	40	23	42	35
72	35	73	27	17
36	14	72	39	59
30	29	84	8	1
36	78	59	14	86
10	55	45	63	46
21	82	88	16	70
8	86	54	70	10
41	50	52	23	83
44	30	27	25	54
76	74	32	58	41
4	13	87	16	55
18	8	2	56	35
25	12	53	19	7
5	44	71	29	12
70	60	79	37	87
56	79	51	8	4
21	1	62	64	42
7	55	42	45	33
25	61	59	78	52
11	19	61	84	77
3	83	88	58	22
12	31	76	28	73
5	11	31	1	78
50	34	86	48	47
80	41	36	29	51
26	24	39	54	74
58	12	62	56	7
82	73	5	12	14
20	67	27	81	16
5	76	63	47	35
3	35	9	66	31
1	89	57	67	24
62	11	79	82	51
53	89	34	25	71
68	58	61	80	7
2	52	18	48	16
17	30	65	28	1
13	9	83	7	18
5	18	4	67	27
5	72	49	67	24
51	25	88	50	59
41	37	27	54	50
61	55	47	62	36
40	72	23	50	69
85	42	16	36	74
28	1	49	48	77
49	14	69	5	56
50	86	54	89	63
15	25	31	21	59
73	25	55	85	6
63	55	90	85	48
16	34	24	15	89
87	52	48	86	21
58	84	4	61	54
71	23	55	49	74
52	44	13	89	62
53	19	85	54	33
78	72	54	27	65
90	35	14	11	50
72	10	78	17	5
43	79	52	42	41
11	28	36	85	10
36	66	25	69	57
49	71	74	59	89
28	23	75	82	43
73	86	1	12	78
6	3	16	36	77
55	34	41	1	54
59	61	70	68	75
55	38	12	23	72
66	37	60	50	44
26	48	64	2	27
85	82	6	32	26
32	11	62	17	27
60	50	57	9	73
6	32	79	10	61
65	69	33	62	24
52	4	83	5	58
47	71	60	69	20
72	85	69	89	21
86	13	28	56	54
65	73	75	88	12
40	36	69	51	21
90	14	3	9	68
1	13	53	66	81
55	39	70	15	30
17	4	58	63	78
27	65	20	29	12
53	3	74	54	62
25	28	39	53	89
65	54	53	57	26
58	3	30	82	51
3	49	9	11	50
55	69	87	11	25
28	88	16	35	61
83	61	73	82	17
31	36	59	78	61
22	71	85	73	70
12	33	21	78	56
53	58	83	26	62
46	24	88	16	73
64	23	54	49	13
86	23	52	47	50
54	59	85	23	35
14	11	5	80	47
58	46	10	44	9
35	83	43	37	38
74	43	57	5	15
66	53	72	80	67
14	12	50	4	71
12	42	66	38	89
79	7	30	34	9
63	67	30	40	17
18	61	53	82	83
7	14	49	61	18
23	55	26	77	15
57	85	46	41	11
33	60	30	43	37
6	33	5	18	9
67	58	77	74	18
74	87	46	77	42
45	19	21	58	88
61	45	47	26	22
54	44	20	23	55
46	78	18	7	70
29	76	35	45	49
74	61	14	81	67
7	47	81	88	66
76	84	89	67	60
40	65	3	32	16
78	38	58	44	4
49	18	5	61	23
22	18	4	42	2
59	51	82	87	5
31	46	12	2	53
73	77	51	7	2
19	80	52	70	14
87	5	62	42	32
43	49	73	87	34
35	24	65	20	31
57	81	7	39	21
84	71	14	67	59
58	79	26	33	74
42	32	12	72	71
19	59	10	49	26
73	17	30	59	90
72	14	49	34	66
73	74	44	11	1
24	47	59	57	31
43	23	28	56	15
89	5	51	27	21
46	2	89	14	57
59	38	16	80	65
35	29	85	67	25
61	16	67	5	63
1	58	60	34	50
28	80	24	47	15
12	90	17	81	78
76	7	1	49	36
40	63	13	31	27
28	40	13	82	34
49	23	86	52	68
30	47	80	84	62
45	5	55	56	2
50	81	19	75	49
70	80	59	60	47
55	64	59	51	29
83	48	64	66	9
62	14	50	27	69
2	55	6	38	13
18	81	40	37	59
13	56	90	86	82
45	24	21	18	52
59	27	86	76	65
60	35	58	42	29
57	82	88	63	3
84	15	77	3	35
65	4	47	2	30
87	65	12	19	37
81	21	65	39	84
34	73	43	30	70
21	75	55	70	68
30	24	19	18	37
24	15	44	36	2
41	90	71	48	46
89	86	61	83	9
84	59	12	58	22
1	2	73	66	77
73	43	22	89	66
17	72	52	77	48
72	15	63	49	26
85	24	27	81	31
44	54	88	1	58
56	20	30	50	66
3	29	75	19	8
7	78	61	25	80
7	11	17	35	19
8	19	62	46	38
46	83	19	44	49
59	45	70	54	2
65	30	33	77	56
81	68	11	45	47
49	4	67	54	8
7	47	38	32	34
62	30	60	31	90
31	1	43	40	88
87	81	73	74	48
90	83	65	77	67
7	29	90	30	54
87	11	10	71	77
43	27	87	88	2
28	42	23	36	59
15	72	2	86	64
75	45	29	11	83
41	83	17	14	4
46	26	18	64	59
21	6	83	22	76
57	70	78	27	80
27	36	50	53	68
46	85	45	40	48
70	71	20	89	40
25	14	28	45	56
86	46	57	73	30
31	66	76	6	9
10	30	70	23	64
44	63	81	40	72
35	83	49	51	61
3	60	84	9	7
35	50	77	28	75
76	14	1	45	53
49	50	41	16	40
60	45	57	8	51
28	78	22	74	36
6	13	32	45	11
2	15	64	56	84
19	54	2	67	88
79	30	47	51	87
35	54	55	63	9
25	70	16	33	28
73	62	71	37	51
5	83	34	47	72
49	67	66	20	40
77	42	33	16	12
26	47	84	73	76
84	50	65	78	36
48	15	65	29	10
56	61	52	6	44
71	26	53	57	3
50	68	51	64	78
45	57	10	6	76
53	81	29	75	44
41	89	78	12	31
13	60	16	44	62
42	50	82	3	17
8	43	56	60	31
68	64	13	3	84
6	64	42	50	18
38	86	73	76	84
25	43	85	18	8
33	10	34	11	58
79	20	54	8	40
49	1	50	48	33
44	2	18	11	88
75	50	88	3	36
5	80	59	87	35
8	18	12	39	27
78	53	82	33	68
25	42	14	60	29
29	32	22	62	79
78	8	40	82	72
49	89	19	39	64
43	45	73	21	71
68	36	17	25	85
34	31	24	57	86
39	49	26	66	7
42	51	49	83	61
89	63	34	30	16
44	74	77	47	68
88	50	31	26	34
53	48	14	36	13
58	53	42	59	3
54	6	30	27	80
45	13	89	25	62
77	36	10	88	21
67	80	4	86	14
29	56	44	86	6
82	37	27	75	15
13	1	41	67	21
12	34	53	49	32
75	36	60	66	14
43	5	44	59	51
41	73	38	10	15
82	78	2	29	85
45	40	73	38	84
72	64	45	50	41
30	1	28	6	76
81	61	52	60	30
63	2	37	4	41
42	19	16	62	1
5	84	21	13	25
64	62	1	16	44
70	58	56	61	66
51	43	55	10	80
20	18	39	85	43
1	9	58	10	5
66	76	81	14	60
45	31	26	87	24
49	57	39	17	24
2	7	26	17	19
63	55	26	56	39
63	88	66	29	83
17	48	49	53	55
54	88	69	86	7
88	27	20	84	60
77	80	56	61	26
26	8	18	80	54
85	8	26	58	60
65	62	70	77	52
31	32	54	74	49
84	62	47	64	1
31	86	26	47	24
44	49	79	13	9
57	39	25	26	68
40	1	72	58	79
55	7	64	67	11
59	65	63	35	79
56	73	3	19	83
77	36	3	23	69
59	84	14	56	6
53	89	26	57	55
5	35	2	77	40
13	50	83	36	68
21	89	29	71	87
73	1	64	88	70
69	90	78	12	19
5	78	86	52	23
7	23	38	26	46
20	65	34	83	85
32	39	9	19	64
29	74	79	78	13
75	70	28	87	14
55	17	32	30	70
89	4	9	24	36
11	40	35	24	29
15	61	86	9	60
63	1	28	46	80
6	9	38	34	8
24	70	66	50	69
80	47	34	9	14
59	81	15	39	89
48	63	25	8	16
54	19	89	2	1
74	23	15	82	69
84	4	87	24	79
65	4	9	64	77
61	71	60	27	48
52	35	4	42	18
55	8	34	80	2
14	10	6	66	1
16	4	66	46	38
14	73	84	16	87
26	23	2	10	16
10	28	89	54	82
4	46	29	35	2
2	81	39	56	1
73	61	3	19	9
80	42	7	83	5
38	82	85	80	24
82	83	58	45	71
30	28	81	58	20
69	81	48	10	70
40	29	9	83	26
52	71	21	13	1
68	82	38	2	20
71	52	45	31	4
1	6	72	3	90
59	88	27	86	61
36	87	78	30	7
1	60	44	12	28
63	74	59	53	36
85	51	12	54	29
65	11	22	70	78
57	28	52	82	49
13	27	17	58	41
43	25	74	68	10
53	50	1	9	52
62	60	52	22	84
33	67	39	16	17
15	2	57	7	73
70	34	33	64	42
60	9	20	39	78
47	85	55	9	74
78	58	83	15	12
54	7	69	28	40
86	37	39	76	72
6	82	19	42	8
11	15	81	76	46
73	45	22	3	30
46	83	9	20	75
37	17	79	74	47
46	89	35	63	28
69	49	51	77	48
56	88	61	57	59
5	37	85	87	26
52	68	69	54	24
17	80	44	29	2
44	85	77	33	47
57	17	22	84	29
38	6	36	60	12
74	46	58	75	40
35	59	17	33	45
86	40	18	66	72
83	32	80	27	81
28	90	9	63	69
61	33	81	56	32
25	1	69	85	75
42	30	61	3	40
12	21	70	75	46
81	14	24	89	60
85	42	72	76	5
89	23	31	19	59
43	55	3	85	4
15	8	44	3	89
54	4	78	22	90
39	11	82	74	73
82	14	37	46	59
88	77	42	35	72
47	66	26	51	4
78	38	72	14	23
54	87	75	12	11
58	3	42	61	34
52	9	18	85	16
76	64	90	32	74
85	82	68	37	71
47	1	68	26	25
49	84	51	86	36
9	12	27	2	82
79	75	37	2	68
23	76	35	88	20
2	26	5	25	18
64	24	62	5	42
81	10	60	84	47
77	38	1	58	19
62	53	34	4	77
41	58	34	71	17
90	4	69	47	16
83	41	65	27	87
20	87	85	23	32
16	41	11	71	25
80	26	37	28	74
29	84	20	26	60
29	82	23	74	22
90	72	20	88	16
41	38	11	19	55
29	10	41	70	45
54	28	55	38	40
53	31	60	88	59
9	20	32	78	46
84	41	3	10	77
44	34	17	23	83
87	14	13	63	81
52	8	82	38	45
72	38	25	61	16
43	85	62	74	50
12	58	62	61	73
89	30	9	71	31
20	44	76	9	38
77	51	35	7	15
40	29	54	24	82
89	4	62	20	75
1	52	68	51	16
69	68	28	20	52
85	21	35	88	57
31	56	25	50	86
29	89	2	58	30
37	15	50	25	79
87	58	30	25	83
90	29	85	87	48
67	56	5	75	39
28	67	75	40	19
4	22	25	49	51
49	70	56	61	18
65	48	57	49	54
27	50	88	60	18
9	1	35	76	2
16	11	41	75	68
78	88	12	81	52
14	42	72	2	39
24	45	50	11	72
59	78	66	38	48
26	49	71	15	18
26	10	71	25	34
69	25	78	35	72
63	39	43	19	28
14	26	11	2	56
85	57	34	32	89
17	47	33	77	60
51	24	1	2	84
89	88	86	19	26
34	19	28	62	86
2	43	1	64	18
46	81	69	39	83
47	17	32	3	24
68	20	49	62	48
68	37	36	27	57
89	83	43	66	28
24	38	15	31	2
87	43	65	8	18
78	55	20	22	85
18	78	29	80	50
74	50	5	76	86
9	61	51	67	21
41	82	52	27	3
3	29	21	34	88
61	10	73	69	39
53	82	17	16	10
24	35	54	68	30
73	1	72	43	9
20	44	1	85	42
70	36	90	56	71
34	48	46	15	54
63	75	65	21	53
3	69	73	51	5
56	44	85	74	62
69	2	90	3	25
24	46	45	73	6
2	14	4	23	80
32	47	35	29	66
23	70	83	64	42
42	74	84	34	58
72	5	58	41	30
29	44	80	37	66
44	67	30	27	26
5	2	40	41	20
28	73	74	42	9
14	13	51	44	16
36	78	76	61	75
1	61	51	73	54
24	87	2	86	78
74	66	87	86	34
11	5	81	46	6
65	28	15	74	13
56	33	60	2	62
48	57	24	72	53
72	32	88	19	61
89	65	63	33	9
49	90	39	42	24
34	89	28	15	45
28	61	10	3	66
32	58	23	37	62
59	54	86	89	36
10	43	41	76	23
69	46	35	13	42
78	24	33	32	52
49	30	19	24	45
64	63	46	78	61
34	26	22	78	67
28	21	77	89	24
9	30	38	6	28
51	46	20	28	7
12	55	70	86	51
80	38	63	77	51
83	58	70	29	78
53	45	24	40	15
86	78	70	38	36
8	12	63	4	6
31	5	77	26	21
44	25	18	54	1
78	4	63	58	81
90	9	88	82	69
51	58	7	49	10
36	30	16	61	74
85	31	43	76	15
71	45	67	46	8
17	24	16	30	61
65	56	55	22	35
54	2	79	41	14
81	25	86	3	45
69	81	13	64	10
85	67	33	3	76
51	47	73	71	72
20	28	89	61	6
26	17	12	33	73
14	26	82	84	81
46	17	63	26	12
35	59	55	23	32
40	85	56	49	39
25	68	76	17	12
31	83	44	68	88
52	75	2	44	36
42	32	35	65	25
50	23	34	20	62
44	49	54	7	15
17	48	23	80	66
43	89	47	3	63
52	43	55	4	47
54	43	3	36	7
53	23	24	75	9
25	16	4	89	86
26	12	55	13	28
90	10	71	63	42
20	74	21	13	24
57	86	46	4	79
12	24	32	11	5
68	81	85	53	80
32	33	20	10	19
79	2	57	56	31
53	52	2	59	28
49	53	80	30	87
16	61	85	38	66
61	27	2	24	86
43	13	22	34	53
4	1	42	12	17
66	16	48	6	65
48	56	3	49	16
79	20	62	4	8
42	70	71	84	39
30	27	32	15	53
18	24	64	8	56
47	18	54	81	66
25	39	28	40	37
61	30	34	48	9
40	5	68	6	2
46	14	25	79	29
82	10	49	29	33
90	72	71	85	37
89	11	45	10	7
79	12	45	11	69
32	13	79	90	1
52	27	58	30	23
86	45	17	79	65
5	36	46	86	68
34	46	22	10	4
90	72	40	71	69
73	4	10	45	70
22	42	76	33	12
52	46	77	72	15
51	28	55	57	25
57	60	66	77	47
24	73	8	35	18
33	39	7	34	60
29	64	41	37	9
49	25	5	13	9
16	27	72	34	73
47	29	59	75	81
14	66	43	27	64
86	48	10	24	12
43	88	68	20	27
69	45	5	43	88
85	20	56	84	53
87	30	60	50	7
85	7	29	18	61
63	72	82	66	52
89	25	79	69	48
32	82	10	54	40
80	66	4	44	64
62	90	9	8	19
36	53	57	41	40
86	71	7	79	37
77	72	70	22	53
72	41	87	46	31
3	9	61	67	54
76	66	14	60	18
45	1	3	30	77
16	77	12	57	43
48	54	75	17	35
40	83	42	57	84
23	73	33	65	57
49	32	26	56	17
45	6	74	23	90
15	13	62	9	14
58	33	59	56	26
4	59	10	20	26
80	66	61	31	28
63	75	42	74	2
18	20	31	44	75
58	65	40	56	66
44	77	6	25	51
17	83	38	73	27
50	53	22	64	75
21	38	29	65	26
37	42	53	82	81
57	35	30	50	38
46	23	7	52	43
77	90	81	39	36
66	38	85	2	62
48	88	46	80	23
46	33	82	63	87
38	76	43	24	15
36	87	19	73	89
74	57	17	2	88
15	71	60	89	23
77	46	24	5	87
58	25	36	6	11
37	85	24	55	71
58	71	88	68	62
11	25	90	8	20
63	80	16	25	84
8	7	1	15	22
22	90	59	56	64
40	90	28	18	57
76	36	19	1	22
27	65	46	24	69
82	78	1	25	30
73	29	2	72	70
64	20	81	3	89
16	19	4	3	65
81	53	66	70	3
67	34	64	46	28
42	81	59	1	41
21	82	51	69	35
18	55	88	28	17
30	81	33	34	54
31	61	7	67	3
80	59	73	4	18
40	25	18	30	3
66	15	67	51	22
37	32	52	26	74
16	37	26	81	14
44	72	34	71	55
35	55	71	1	21
68	85	7	42	8
76	55	31	70	58
73	65	16	58	49
12	51	76	57	43
46	18	21	9	71
78	5	86	75	15
12	44	37	65	87
27	45	77	5	16
42	63	19	21	77
33	61	86	32	16
78	87	1	71	59
83	55	30	38	77
24	4	89	88	69
55	73	33	62	16
18	52	60	17	9
10	33	38	87	21
58	26	40	61	90
90	63	16	22	86
54	59	37	30	27
22	28	20	14	18
22	46	75	66	72
66	21	14	11	76
34	15	18	81	79
46	65	80	7	13
41	85	16	77	73
78	25	88	52	58
6	54	13	1	41
3	14	58	60	79
35	38	3	12	41
37	90	81	69	66
89	40	79	57	62
74	46	24	5	70
69	12	62	75	47
4	3	88	8	38
2	69	43	52	21
56	47	55	41	90
90	89	68	12	84
80	32	40	68	51
42	14	8	35	12
2	78	17	38	76
17	19	84	28	85
31	87	3	26	78
33	6	15	50	58
47	25	49	63	4
52	3	56	72	43
17	74	45	32	41
31	29	24	25	52
58	35	72	67	11
13	8	16	12	49
5	51	52	34	43
85	70	81	33	80
76	82	64	70	17
60	34	73	41	4
14	79	69	29	72
61	23	60	62	12
29	20	73	10	47
15	66	55	90	41
82	80	13	19	12
64	30	12	26	54
27	62	44	4	78
55	82	30	33	7
1	3	76	10	31
4	67	56	59	88
5	79	1	54	13
12	11	1	71	44
70	25	9	85	68
39	62	50	72	24
85	67	42	44	25
63	42	26	47	19
36	32	69	77	58
49	32	57	48	65
27	30	13	45	5
43	20	76	15	44
64	89	59	90	17
71	65	79	78	41
89	37	14	42	55
62	43	52	49	78
16	55	88	47	28
58	28	15	13	80
71	34	17	42	66
49	56	37	69	52
32	55	23	29	88
4	73	80	77	2
3	11	31	65	7
75	80	52	82	84
27	25	59	52	55
58	57	12	83	51
17	9	26	72	77
79	36	64	89	43
13	21	40	51	37
62	22	2	57	27
23	44	35	4	5
78	75	45	80	67
49	78	58	85	82
61	60	84	79	10
59	19	61	55	85
68	76	85	18	49
42	9	5	40	77
68	88	57	48	13
23	8	52	49	22
82	66	25	69	71
57	83	50	39	71
74	31	82	6	58
23	6	75	60	57
2	90	22	10	36
11	88	9	53	59
32	58	57	76	51
72	53	64	65	14
27	34	15	28	89
26	74	41	46	24
79	9	11	42	28
72	77	6	43	61
21	1	89	17	13
22	71	65	25	15
24	6	47	15	75
10	20	28	35	90
71	7	66	90	44
11	61	68	58	45
81	14	79	63	35
89	55	5	90	82
23	53	16	50	15
82	39	85	56	79
85	34	25	53	52
47	40	2	42	70
75	6	83	77	51
26	76	69	80	6
3	47	8	52	45
74	82	17	20	48
78	20	26	71	83
51	43	72	73	37
41	10	7	1	42
77	67	18	83	54
82	18	34	24	23
1	15	78	3	68
19	60	18	63	20
77	50	68	15	28
54	11	66	7	53
34	64	10	80	84
78	23	76	85	1
22	78	62	54	58
1	84	81	82	14
7	90	1	27	15
37	42	62	53	1
90	65	71	33	69
80	23	35	75	5
44	1	77	70	13
87	76	21	2	36
42	89	48	55	27
60	51	48	58	55
48	37	82	28	55
35	72	85	81	71
15	13	75	47	39
54	84	6	10	49
9	15	68	66	29
32	41	78	84	76
18	48	69	6	53
17	24	82	47	21
10	18	55	16	26
10	58	81	31	67
33	39	45	10	26
11	64	90	17	61
25	3	55	2	53
38	58	50	3	19
58	25	80	72	41
21	6	36	8	26
24	71	55	28	17
34	51	47	42	28
64	50	65	43	77
43	79	36	2	67
32	61	55	81	27
37	40	14	44	89
76	54	38	8	13
57	6	17	10	50
52	9	13	21	76
78	55	36	60	24
47	2	88	56	10
41	30	13	80	43
49	37	63	68	38
77	3	18	26	21
74	18	23	2	58
1	81	35	79	27
8	81	35	79	27
10	44	56	22	17
18	76	20	66	80
67	89	25	71	59
65	30	88	20	56
73	84	33	54	2
76	44	66	60	48
37	10	9	14	39
81	23	1	79	36
79	43	27	49	64
61	19	27	50	21
83	1	46	13	24
45	71	18	47	57
73	27	72	49	50
58	8	66	85	41
45	40	54	30	38
11	30	55	82	74
73	12	47	27	81
8	44	47	51	19
15	38	17	89	20
26	35	10	46	40
52	14	79	60	47
25	62	2	19	29
63	44	70	74	49
45	64	65	90	11
10	15	43	27	82
42	76	10	28	77
7	31	74	58	14
90	67	38	32	19
14	47	64	28	58
53	11	88	84	76
34	28	39	35	70
20	58	10	65	86
13	21	54	86	77
73	70	75	85	87
8	40	51	12	31
64	39	3	44	19
71	27	79	88	81
15	79	50	67	72
65	14	61	22	48
90	13	71	19	79
4	1	83	88	68
5	20	44	57	52
75	44	74	69	45
81	62	76	22	35
63	75	61	39	13
59	55	21	3	5
35	12	13	39	51
72	22	40	70	6
81	58	67	43	8
39	11	7	47	34
60	49	84	26	69
15	50	76	36	55
80	74	21	83	54
75	29	28	61	42
13	59	49	5	37
60	41	86	7	42
85	45	16	81	78
88	42	7	30	14
88	67	63	22	35
1	39	74	86	5
31	86	5	49	27
21	10	53	51	33
39	58	22	61	55
42	76	52	21	32
28	64	66	87	46
22	34	73	63	46
6	58	50	3	57
32	85	78	67	52
16	14	72	13	83
38	18	80	61	6
29	28	23	20	32
4	69	53	87	34
55	28	41	22	88
42	10	22	39	83
20	31	30	4	72
6	46	16	37	62
37	27	74	61	14
80	66	18	14	15
35	75	88	7	40
57	20	76	64	81
7	20	56	9	86
77	43	83	8	27
7	86	24	23	84
8	21	83	50	85
90	57	81	4	76
88	11	69	67	89
50	85	35	88	72
77	2	50	85	78
19	82	39	36	40
57	52	70	14	59
74	25	66	30	28
29	83	80	86	64
84	24	6	17	35
51	12	59	5	57
87	28	11	51	17
51	69	70	2	78
50	37	84	48	29
11	13	45	25	34
53	39	32	87	8
54	9	16	37	36
26	60	14	42	43
66	20	6	69	54
28	38	41	86	20
65	15	52	26	33
74	12	16	35	56
27	11	56	8	85
26	24	43	2	73
67	80	50	15	87
57	11	42	7	66
61	33	24	35	36
44	49	4	47	81
63	33	61	60	1
77	70	26	5	35
72	14	85	89	8
62	24	53	31	5
70	34	17	4	3
67	83	36	18	49
83	63	87	21	84
59	73	82	15	53
73	68	69	8	54
4	40	24	46	87
33	30	76	8	34
18	4	79	64	47
12	28	84	6	1
67	79	47	69	58
13	37	50	41	90
41	17	32	84	29
43	80	21	32	28
77	42	43	37	20
77	58	62	22	33
35	10	20	14	83
66	16	54	7	77
14	74	9	90	49
1	36	54	15	81
47	53	85	4	80
78	38	87	34	50
13	33	42	85	67
65	6	87	58	56
16	33	50	23	6
49	13	56	89	44
21	3	87	12	28
49	39	21	19	55
61	32	42	31	90
3	57	4	46	9
80	84	88	86	1
52	46	42	65	90
45	79	77	5	40
60	41	27	26	84
5	79	44	11	20
14	72	13	5	64
38	35	26	7	48
81	22	44	42	46
58	59	2	1	52
83	24	33	1	34
10	19	73	17	32
1	42	20	64	46
35	8	12	88	38
22	67	27	40	83
69	23	38	5	46
86	43	60	67	10
59	37	7	74	3
3	49	4	35	44
57	4	65	55	71
3	15	84	35	63
45	40	58	35	73
28	67	90	86	60
41	8	83	24	16
28	11	55	71	67
62	78	80	28	38
31	38	59	37	32
23	15	58	84	66
78	75	65	35	21
66	90	49	82	36
33	18	49	1	36
55	79	46	49	64
43	66	14	5	6
17	2	32	89	68
49	31	65	12	59
85	5	29	46	64
20	28	85	56	13
62	74	8	90	18
74	70	67	52	26
16	78	51	66	13
39	68	16	5	79
60	89	55	69	11
61	52	59	48	65
46	43	41	4	5
19	11	12	21	72
72	67	70	17	81
88	61	56	40	9
39	20	32	24	45
40	88	28	16	29
46	36	64	62	48
21	55	63	46	32
19	4	64	50	90
65	23	74	47	36
58	49	6	5	26
83	1	46	26	53
45	59	79	29	85
72	64	11	28	15
78	85	38	44	49
46	26	45	86	37
25	85	15	77	38
17	16	56	70	68
59	19	46	35	76
87	80	81	8	17
90	70	16	2	5
14	64	19	8	68
11	15	31	66	54
66	43	23	64	65
45	62	73	28	35
6	3	27	1	5
23	26	8	27	75
57	49	4	52	76
78	89	82	27	44
30	58	79	37	46
34	23	64	39	29
18	79	54	47	75
62	64	41	11	51
26	81	39	45	28
27	58	5	45	17
46	36	30	5	86
65	66	34	62	85
70	51	10	47	16
54	36	68	42	29
26	13	62	87	28
17	71	19	52	14
58	25	46	64	70
17	90	77	38	3
15	49	69	45	56
87	42	90	22	46
79	54	43	27	30
6	56	25	54	29
55	27	24	31	26
67	19	40	84	58
73	37	64	53	35
42	5	73	7	80
5	13	9	15	50
53	40	66	7	44
90	20	49	5	29
27	63	11	21	44
87	18	56	78	9
12	36	20	50	82
81	40	85	1	10
31	14	62	30	40
24	23	4	2	17
20	38	4	71	89
72	46	7	17	43
88	73	35	33	41
53	83	61	59	60
18	12	66	24	16
31	47	2	1	16
71	89	53	58	66
74	13	87	49	65
11	41	9	6	7
48	57	33	77	85
62	44	46	80	59
34	64	49	3	56
5	89	86	65	40
83	4	84	58	77
40	64	15	65	36
31	59	66	28	47
8	12	36	82	41
34	60	37	18	35
64	90	69	88	19
70	21	42	73	20
44	57	41	34	89
30	26	17	29	21
62	75	61	58	33
29	83	16	53	45
58	60	32	30	42
61	13	57	4	64
49	84	9	72	59
41	8	58	17	56
79	46	41	75	11
89	77	17	30	16
7	20	49	78	83
48	86	75	15	63
46	12	51	57	43
61	59	45	6	49
78	27	10	18	23
82	62	3	56	85
47	88	14	20	33
84	85	16	40	34
77	8	69	52	18
10	50	57	54	83
29	22	62	27	10
85	20	6	31	44
22	88	19	50	66
12	19	38	73	71
80	38	68	25	32
26	81	45	85	8
10	33	51	26	7
35	44	16	50	48
43	79	21	69	20
68	15	7	57	40
61	11	76	62	69
16	19	83	49	43
65	57	18	52	76
83	16	10	8	19
41	14	72	28	9
89	13	51	34	39
21	14	10	59	29
88	32	89	30	42
45	21	61	42	16
69	1	54	38	22
11	61	35	21	45
24	60	14	57	46
12	86	78	37	58
72	69	59	36	14
90	85	19	48	1
34	75	41	7	38
80	45	71	82	89
77	14	23	13	51
5	81	46	49	31
8	9	18	86	32
65	16	74	71	31
14	42	33	64	26
65	62	25	38	11
56	30	17	37	22
20	68	77	86	53
7	13	76	40	75
14	21	35	89	54
8	33	39	22	27
10	31	63	29	90
25	19	82	66	68
51	63	64	3	38
81	18	83	35	53
86	6	47	55	76
72	87	38	64	63
74	6	56	43	76
55	49	75	70	82
30	87	10	42	54
52	16	44	68	49
10	51	31	72	74
55	78	87	33	77
5	64	76	83	21
37	67	29	60	8
59	23	27	48	11
36	62	54	76	43
19	1	21	57	59
11	40	74	75	12
69	52	22	12	38
87	85	79	45	78
65	19	12	9	35
31	71	83	16	81
28	12	57	27	30
23	74	22	31	39
16	40	45	4	52
61	47	10	70	16
89	41	67	31	36
82	14	38	69	79
75	47	90	69	74
31	71	33	46	76
23	44	86	39	36
23	72	28	26	84
63	86	57	24	79
62	3	38	49	17
75	13	74	69	46
32	45	81	82	25
60	41	64	55	46
30	76	75	48	77
78	25	76	67	5
50	77	29	51	79
4	76	78	1	19
85	29	63	52	68
10	88	89	68	2
27	4	47	49	71
11	29	28	40	66
76	14	41	81	11
77	23	19	90	51
10	14	13	26	56
8	49	38	32	72
25	41	40	48	60
41	64	9	42	73
45	58	41	26	22
55	22	6	89	17
17	64	41	26	5
17	24	51	40	60
80	67	52	37	72
68	59	20	29	11
23	34	28	83	14
27	10	17	19	5
13	26	50	79	57
75	15	60	58	73
76	42	18	83	80
29	58	26	90	69
24	64	45	39	33
4	32	10	1	79
83	4	89	26	38
19	87	6	9	21
25	17	30	51	79
13	3	80	89	47
49	35	23	86	79
70	55	10	47	69
62	16	86	44	58
